Sample	0	1	2	3	4	5	6	7	8	9	10	11	12	13	14	15	16	17	18	19	20	21	22	23	24	25	26	27	28
260_Cort_22YMFCLT3_AGAATTCGCC-CGGCAAGCTC_L001_R1	(16.0, 8.0)	(17.0, 337.0)	(18.0, 2641.0)	(19.0, 9377.0)	(20.0, 20926.0)	(21.0, 29756.0)	(22.0, 33154.0)	(23.0, 34702.0)	(24.0, 40191.0)	(25.0, 43825.0)	(26.0, 50885.0)	(27.0, 57949.0)	(28.0, 70586.0)	(29.0, 85802.0)	(30.0, 113352.0)	(31.0, 148019.0)	(32.0, 211256.0)	(33.0, 277424.0)	(34.0, 288131.0)	(35.0, 377231.0)	(36.0, 609806.0)	(37.0, 1001295.0)	(38.0, 2138332.0)	(39.0, 6675122.0)	(40.0, 2256774.0)				
260_Cort_22YMFCLT3_AGAATTCGCC-CGGCAAGCTC_L001_R2	(13.0, 1.0)	(14.0, 11.0)	(15.0, 136.0)	(16.0, 1003.0)	(17.0, 3512.0)	(18.0, 9115.0)	(19.0, 16129.0)	(20.0, 23408.0)	(21.0, 25135.0)	(22.0, 24108.0)	(23.0, 24299.0)	(24.0, 27075.0)	(25.0, 29132.0)	(26.0, 33833.0)	(27.0, 37792.0)	(28.0, 45202.0)	(29.0, 52316.0)	(30.0, 64569.0)	(31.0, 77646.0)	(32.0, 100336.0)	(33.0, 131174.0)	(34.0, 190518.0)	(35.0, 286996.0)	(36.0, 500216.0)	(37.0, 905241.0)	(38.0, 2205229.0)	(39.0, 7784219.0)	(40.0, 1978530.0)	
260_Cort_22YMFCLT3_AGAATTCGCC-CGGCAAGCTC_L002_R1	(16.0, 16.0)	(17.0, 323.0)	(18.0, 2725.0)	(19.0, 9495.0)	(20.0, 21523.0)	(21.0, 30673.0)	(22.0, 34195.0)	(23.0, 35590.0)	(24.0, 41073.0)	(25.0, 44651.0)	(26.0, 52175.0)	(27.0, 58794.0)	(28.0, 72552.0)	(29.0, 87490.0)	(30.0, 116088.0)	(31.0, 153377.0)	(32.0, 225437.0)	(33.0, 275066.0)	(34.0, 282693.0)	(35.0, 385528.0)	(36.0, 627548.0)	(37.0, 1028499.0)	(38.0, 2153989.0)	(39.0, 7061281.0)	(40.0, 2006346.0)				
260_Cort_22YMFCLT3_AGAATTCGCC-CGGCAAGCTC_L002_R2	(13.0, 4.0)	(14.0, 36.0)	(15.0, 171.0)	(16.0, 1020.0)	(17.0, 3585.0)	(18.0, 9861.0)	(19.0, 17821.0)	(20.0, 26286.0)	(21.0, 28949.0)	(22.0, 27968.0)	(23.0, 27237.0)	(24.0, 30370.0)	(25.0, 32297.0)	(26.0, 37606.0)	(27.0, 41574.0)	(28.0, 49638.0)	(29.0, 57306.0)	(30.0, 70370.0)	(31.0, 83546.0)	(32.0, 107863.0)	(33.0, 138780.0)	(34.0, 200497.0)	(35.0, 297315.0)	(36.0, 514438.0)	(37.0, 925027.0)	(38.0, 2204462.0)	(39.0, 8125243.0)	(40.0, 1747857.0)	
260_Cort_22YMFCLT3_AGAATTCGCC-CGGCAAGCTC_L003_R1	(16.0, 17.0)	(17.0, 351.0)	(18.0, 2900.0)	(19.0, 9779.0)	(20.0, 22422.0)	(21.0, 32006.0)	(22.0, 35367.0)	(23.0, 37062.0)	(24.0, 42357.0)	(25.0, 46021.0)	(26.0, 53219.0)	(27.0, 60844.0)	(28.0, 74872.0)	(29.0, 89642.0)	(30.0, 118497.0)	(31.0, 157001.0)	(32.0, 235885.0)	(33.0, 274886.0)	(34.0, 283051.0)	(35.0, 390149.0)	(36.0, 637006.0)	(37.0, 1029431.0)	(38.0, 2116021.0)	(39.0, 7108131.0)	(40.0, 1812510.0)				
260_Cort_22YMFCLT3_AGAATTCGCC-CGGCAAGCTC_L003_R2	(13.0, 5.0)	(14.0, 40.0)	(15.0, 228.0)	(16.0, 1183.0)	(17.0, 3986.0)	(18.0, 10538.0)	(19.0, 18472.0)	(20.0, 27729.0)	(21.0, 29905.0)	(22.0, 29648.0)	(23.0, 28429.0)	(24.0, 31241.0)	(25.0, 33502.0)	(26.0, 38955.0)	(27.0, 42994.0)	(28.0, 51404.0)	(29.0, 58502.0)	(30.0, 71573.0)	(31.0, 85423.0)	(32.0, 109604.0)	(33.0, 140801.0)	(34.0, 200391.0)	(35.0, 296400.0)	(36.0, 509262.0)	(37.0, 906844.0)	(38.0, 2135714.0)	(39.0, 8143981.0)	(40.0, 1662673.0)	
260_Cort_22YMFCLT3_AGAATTCGCC-CGGCAAGCTC_L004_R1	(16.0, 17.0)	(17.0, 346.0)	(18.0, 2814.0)	(19.0, 9873.0)	(20.0, 22669.0)	(21.0, 31754.0)	(22.0, 35632.0)	(23.0, 37065.0)	(24.0, 42235.0)	(25.0, 45800.0)	(26.0, 53484.0)	(27.0, 60023.0)	(28.0, 73667.0)	(29.0, 88965.0)	(30.0, 116577.0)	(31.0, 157911.0)	(32.0, 241552.0)	(33.0, 257933.0)	(34.0, 273029.0)	(35.0, 384177.0)	(36.0, 628493.0)	(37.0, 1016269.0)	(38.0, 2076206.0)	(39.0, 6933554.0)	(40.0, 1365862.0)				
260_Cort_22YMFCLT3_AGAATTCGCC-CGGCAAGCTC_L004_R2	(13.0, 5.0)	(14.0, 29.0)	(15.0, 177.0)	(16.0, 1069.0)	(17.0, 3816.0)	(18.0, 9851.0)	(19.0, 18012.0)	(20.0, 27612.0)	(21.0, 30336.0)	(22.0, 28801.0)	(23.0, 28431.0)	(24.0, 30937.0)	(25.0, 33734.0)	(26.0, 38423.0)	(27.0, 42760.0)	(28.0, 50683.0)	(29.0, 58202.0)	(30.0, 70538.0)	(31.0, 84149.0)	(32.0, 108447.0)	(33.0, 138627.0)	(34.0, 199049.0)	(35.0, 293043.0)	(36.0, 501017.0)	(37.0, 890012.0)	(38.0, 2079572.0)	(39.0, 7911463.0)	(40.0, 1277112.0)	
260_Cort_22YMFCLT3_AGAATTCGCC-CGGCAAGCTC_L005_R1	(15.0, 1.0)	(16.0, 16.0)	(17.0, 327.0)	(18.0, 2846.0)	(19.0, 9944.0)	(20.0, 23052.0)	(21.0, 33315.0)	(22.0, 37456.0)	(23.0, 39146.0)	(24.0, 44521.0)	(25.0, 48179.0)	(26.0, 55494.0)	(27.0, 62102.0)	(28.0, 76763.0)	(29.0, 90805.0)	(30.0, 120565.0)	(31.0, 164655.0)	(32.0, 244693.0)	(33.0, 243115.0)	(34.0, 270192.0)	(35.0, 378614.0)	(36.0, 613894.0)	(37.0, 1000768.0)	(38.0, 2078747.0)	(39.0, 6650369.0)	(40.0, 976768.0)			
260_Cort_22YMFCLT3_AGAATTCGCC-CGGCAAGCTC_L005_R2	(13.0, 43.0)	(14.0, 218.0)	(15.0, 460.0)	(16.0, 1617.0)	(17.0, 4890.0)	(18.0, 12203.0)	(19.0, 22421.0)	(20.0, 34696.0)	(21.0, 38251.0)	(22.0, 36734.0)	(23.0, 35380.0)	(24.0, 38580.0)	(25.0, 40559.0)	(26.0, 46200.0)	(27.0, 50568.0)	(28.0, 59788.0)	(29.0, 67444.0)	(30.0, 81636.0)	(31.0, 95895.0)	(32.0, 122392.0)	(33.0, 154542.0)	(34.0, 218366.0)	(35.0, 313732.0)	(36.0, 529547.0)	(37.0, 933188.0)	(38.0, 2169132.0)	(39.0, 7284691.0)	(40.0, 873174.0)	
260_Cort_22YMFCLT3_AGAATTCGCC-CGGCAAGCTC_L006_R1	(16.0, 15.0)	(17.0, 321.0)	(18.0, 2737.0)	(19.0, 10193.0)	(20.0, 23975.0)	(21.0, 35656.0)	(22.0, 39426.0)	(23.0, 40126.0)	(24.0, 44513.0)	(25.0, 48444.0)	(26.0, 55473.0)	(27.0, 61741.0)	(28.0, 74882.0)	(29.0, 89018.0)	(30.0, 115429.0)	(31.0, 159041.0)	(32.0, 242027.0)	(33.0, 241816.0)	(34.0, 256419.0)	(35.0, 358566.0)	(36.0, 586009.0)	(37.0, 960408.0)	(38.0, 2001184.0)	(39.0, 6724344.0)	(40.0, 1093718.0)				
260_Cort_22YMFCLT3_AGAATTCGCC-CGGCAAGCTC_L006_R2	(12.0, 1.0)	(13.0, 31.0)	(14.0, 102.0)	(15.0, 290.0)	(16.0, 1229.0)	(17.0, 4024.0)	(18.0, 11031.0)	(19.0, 20860.0)	(20.0, 33263.0)	(21.0, 37731.0)	(22.0, 36055.0)	(23.0, 33557.0)	(24.0, 36271.0)	(25.0, 38281.0)	(26.0, 43426.0)	(27.0, 47685.0)	(28.0, 55643.0)	(29.0, 63109.0)	(30.0, 75783.0)	(31.0, 88735.0)	(32.0, 111908.0)	(33.0, 139744.0)	(34.0, 195602.0)	(35.0, 282283.0)	(36.0, 477474.0)	(37.0, 850318.0)	(38.0, 1987432.0)	(39.0, 7486688.0)	(40.0, 1106925.0)
260_Cort_22YMFCLT3_AGAATTCGCC-CGGCAAGCTC_L007_R1	(16.0, 13.0)	(17.0, 266.0)	(18.0, 2129.0)	(19.0, 7360.0)	(20.0, 16986.0)	(21.0, 24468.0)	(22.0, 27732.0)	(23.0, 28769.0)	(24.0, 32632.0)	(25.0, 35528.0)	(26.0, 41049.0)	(27.0, 46340.0)	(28.0, 56818.0)	(29.0, 68282.0)	(30.0, 90978.0)	(31.0, 127249.0)	(32.0, 204971.0)	(33.0, 205013.0)	(34.0, 212180.0)	(35.0, 302300.0)	(36.0, 509869.0)	(37.0, 853098.0)	(38.0, 1788183.0)	(39.0, 6653880.0)	(40.0, 1314948.0)				
260_Cort_22YMFCLT3_AGAATTCGCC-CGGCAAGCTC_L007_R2	(12.0, 4.0)	(13.0, 88.0)	(14.0, 190.0)	(15.0, 321.0)	(16.0, 1307.0)	(17.0, 3969.0)	(18.0, 10256.0)	(19.0, 18284.0)	(20.0, 27961.0)	(21.0, 30525.0)	(22.0, 29062.0)	(23.0, 27341.0)	(24.0, 29182.0)	(25.0, 31075.0)	(26.0, 35720.0)	(27.0, 39625.0)	(28.0, 46254.0)	(29.0, 52269.0)	(30.0, 64221.0)	(31.0, 74581.0)	(32.0, 94815.0)	(33.0, 120818.0)	(34.0, 169802.0)	(35.0, 249920.0)	(36.0, 432444.0)	(37.0, 791301.0)	(38.0, 1864702.0)	(39.0, 7278265.0)	(40.0, 1126739.0)
260_Cort_22YMFCLT3_AGAATTCGCC-CGGCAAGCTC_L008_R1	(16.0, 12.0)	(17.0, 298.0)	(18.0, 2622.0)	(19.0, 8829.0)	(20.0, 19862.0)	(21.0, 28382.0)	(22.0, 31721.0)	(23.0, 32642.0)	(24.0, 36569.0)	(25.0, 39295.0)	(26.0, 45036.0)	(27.0, 50515.0)	(28.0, 60866.0)	(29.0, 72304.0)	(30.0, 96535.0)	(31.0, 132803.0)	(32.0, 214080.0)	(33.0, 244111.0)	(34.0, 234195.0)	(35.0, 320615.0)	(36.0, 536101.0)	(37.0, 892001.0)	(38.0, 1858964.0)	(39.0, 7050430.0)	(40.0, 1617373.0)				
260_Cort_22YMFCLT3_AGAATTCGCC-CGGCAAGCTC_L008_R2	(13.0, 16.0)	(14.0, 63.0)	(15.0, 219.0)	(16.0, 1033.0)	(17.0, 3725.0)	(18.0, 9506.0)	(19.0, 17140.0)	(20.0, 25786.0)	(21.0, 29460.0)	(22.0, 28330.0)	(23.0, 27063.0)	(24.0, 29222.0)	(25.0, 31098.0)	(26.0, 35067.0)	(27.0, 38766.0)	(28.0, 45626.0)	(29.0, 51829.0)	(30.0, 62143.0)	(31.0, 72864.0)	(32.0, 93270.0)	(33.0, 117489.0)	(34.0, 165259.0)	(35.0, 245382.0)	(36.0, 427802.0)	(37.0, 781422.0)	(38.0, 1833817.0)	(39.0, 7836880.0)	(40.0, 1615884.0)	
985_Cort_22YMFCLT3_TATCACTCTG-AACGTTACAT_L001_R1	(16.0, 16.0)	(17.0, 313.0)	(18.0, 2639.0)	(19.0, 9368.0)	(20.0, 20666.0)	(21.0, 28496.0)	(22.0, 31226.0)	(23.0, 33083.0)	(24.0, 36899.0)	(25.0, 40533.0)	(26.0, 47159.0)	(27.0, 53095.0)	(28.0, 64888.0)	(29.0, 78418.0)	(30.0, 104394.0)	(31.0, 137437.0)	(32.0, 194464.0)	(33.0, 233521.0)	(34.0, 243147.0)	(35.0, 337626.0)	(36.0, 549870.0)	(37.0, 917810.0)	(38.0, 2022662.0)	(39.0, 7641708.0)	(40.0, 2936437.0)				
985_Cort_22YMFCLT3_TATCACTCTG-AACGTTACAT_L001_R2	(13.0, 2.0)	(14.0, 18.0)	(15.0, 199.0)	(16.0, 1225.0)	(17.0, 4330.0)	(18.0, 10910.0)	(19.0, 18995.0)	(20.0, 28216.0)	(21.0, 30095.0)	(22.0, 29036.0)	(23.0, 28673.0)	(24.0, 31262.0)	(25.0, 34172.0)	(26.0, 39299.0)	(27.0, 43064.0)	(28.0, 51370.0)	(29.0, 57909.0)	(30.0, 71000.0)	(31.0, 83566.0)	(32.0, 107515.0)	(33.0, 136667.0)	(34.0, 195407.0)	(35.0, 289992.0)	(36.0, 498610.0)	(37.0, 893826.0)	(38.0, 2166623.0)	(39.0, 8486009.0)	(40.0, 2427885.0)	
985_Cort_22YMFCLT3_TATCACTCTG-AACGTTACAT_L002_R1	(16.0, 9.0)	(17.0, 331.0)	(18.0, 2522.0)	(19.0, 9133.0)	(20.0, 20617.0)	(21.0, 28598.0)	(22.0, 31927.0)	(23.0, 33106.0)	(24.0, 37058.0)	(25.0, 40613.0)	(26.0, 47309.0)	(27.0, 53258.0)	(28.0, 65510.0)	(29.0, 78808.0)	(30.0, 105051.0)	(31.0, 139571.0)	(32.0, 204600.0)	(33.0, 220162.0)	(34.0, 238454.0)	(35.0, 339663.0)	(36.0, 561078.0)	(37.0, 933602.0)	(38.0, 2016732.0)	(39.0, 7843660.0)	(40.0, 2537173.0)				
985_Cort_22YMFCLT3_TATCACTCTG-AACGTTACAT_L002_R2	(13.0, 7.0)	(14.0, 30.0)	(15.0, 189.0)	(16.0, 1231.0)	(17.0, 4214.0)	(18.0, 11231.0)	(19.0, 20185.0)	(20.0, 30521.0)	(21.0, 33242.0)	(22.0, 31799.0)	(23.0, 31055.0)	(24.0, 33791.0)	(25.0, 36176.0)	(26.0, 41824.0)	(27.0, 46195.0)	(28.0, 54260.0)	(29.0, 61697.0)	(30.0, 75318.0)	(31.0, 88091.0)	(32.0, 112303.0)	(33.0, 142779.0)	(34.0, 202011.0)	(35.0, 294321.0)	(36.0, 501372.0)	(37.0, 891529.0)	(38.0, 2124262.0)	(39.0, 8593838.0)	(40.0, 2125074.0)	
985_Cort_22YMFCLT3_TATCACTCTG-AACGTTACAT_L003_R1	(16.0, 15.0)	(17.0, 336.0)	(18.0, 2751.0)	(19.0, 9368.0)	(20.0, 21229.0)	(21.0, 29142.0)	(22.0, 32654.0)	(23.0, 34129.0)	(24.0, 38461.0)	(25.0, 41570.0)	(26.0, 48780.0)	(27.0, 55553.0)	(28.0, 67514.0)	(29.0, 81138.0)	(30.0, 108369.0)	(31.0, 145741.0)	(32.0, 213130.0)	(33.0, 218760.0)	(34.0, 245853.0)	(35.0, 351681.0)	(36.0, 579135.0)	(37.0, 956716.0)	(38.0, 2010395.0)	(39.0, 7912736.0)	(40.0, 2270371.0)				
985_Cort_22YMFCLT3_TATCACTCTG-AACGTTACAT_L003_R2	(13.0, 8.0)	(14.0, 45.0)	(15.0, 259.0)	(16.0, 1414.0)	(17.0, 4705.0)	(18.0, 11879.0)	(19.0, 20992.0)	(20.0, 31484.0)	(21.0, 34286.0)	(22.0, 33077.0)	(23.0, 32238.0)	(24.0, 35414.0)	(25.0, 37483.0)	(26.0, 43202.0)	(27.0, 47785.0)	(28.0, 55964.0)	(29.0, 63875.0)	(30.0, 77054.0)	(31.0, 90378.0)	(32.0, 115220.0)	(33.0, 144639.0)	(34.0, 203380.0)	(35.0, 295655.0)	(36.0, 500007.0)	(37.0, 885316.0)	(38.0, 2066035.0)	(39.0, 8582423.0)	(40.0, 2061310.0)	
985_Cort_22YMFCLT3_TATCACTCTG-AACGTTACAT_L004_R1	(15.0, 1.0)	(16.0, 15.0)	(17.0, 316.0)	(18.0, 2721.0)	(19.0, 9445.0)	(20.0, 21189.0)	(21.0, 29709.0)	(22.0, 33148.0)	(23.0, 34354.0)	(24.0, 38809.0)	(25.0, 42152.0)	(26.0, 48969.0)	(27.0, 55380.0)	(28.0, 67333.0)	(29.0, 81457.0)	(30.0, 107950.0)	(31.0, 148718.0)	(32.0, 215510.0)	(33.0, 202357.0)	(34.0, 240409.0)	(35.0, 346677.0)	(36.0, 571710.0)	(37.0, 945880.0)	(38.0, 1982673.0)	(39.0, 7805275.0)	(40.0, 1810947.0)			
985_Cort_22YMFCLT3_TATCACTCTG-AACGTTACAT_L004_R2	(13.0, 5.0)	(14.0, 36.0)	(15.0, 243.0)	(16.0, 1357.0)	(17.0, 4439.0)	(18.0, 11368.0)	(19.0, 20652.0)	(20.0, 32045.0)	(21.0, 35093.0)	(22.0, 33071.0)	(23.0, 32064.0)	(24.0, 35003.0)	(25.0, 37394.0)	(26.0, 42426.0)	(27.0, 47070.0)	(28.0, 55029.0)	(29.0, 62072.0)	(30.0, 76075.0)	(31.0, 88835.0)	(32.0, 112438.0)	(33.0, 142648.0)	(34.0, 200224.0)	(35.0, 289350.0)	(36.0, 493616.0)	(37.0, 869076.0)	(38.0, 2021517.0)	(39.0, 8433456.0)	(40.0, 1666502.0)	
985_Cort_22YMFCLT3_TATCACTCTG-AACGTTACAT_L005_R1	(15.0, 2.0)	(16.0, 13.0)	(17.0, 337.0)	(18.0, 2702.0)	(19.0, 9360.0)	(20.0, 21855.0)	(21.0, 31086.0)	(22.0, 34968.0)	(23.0, 35880.0)	(24.0, 40428.0)	(25.0, 44172.0)	(26.0, 50588.0)	(27.0, 56953.0)	(28.0, 69882.0)	(29.0, 83319.0)	(30.0, 111548.0)	(31.0, 155709.0)	(32.0, 213619.0)	(33.0, 193000.0)	(34.0, 237075.0)	(35.0, 336859.0)	(36.0, 549776.0)	(37.0, 906091.0)	(38.0, 1930273.0)	(39.0, 7558207.0)	(40.0, 1389652.0)			
985_Cort_22YMFCLT3_TATCACTCTG-AACGTTACAT_L005_R2	(13.0, 69.0)	(14.0, 241.0)	(15.0, 579.0)	(16.0, 1859.0)	(17.0, 5602.0)	(18.0, 13652.0)	(19.0, 25173.0)	(20.0, 38481.0)	(21.0, 43249.0)	(22.0, 40868.0)	(23.0, 39040.0)	(24.0, 42151.0)	(25.0, 44228.0)	(26.0, 50644.0)	(27.0, 55100.0)	(28.0, 63704.0)	(29.0, 71252.0)	(30.0, 85532.0)	(31.0, 99281.0)	(32.0, 125892.0)	(33.0, 156718.0)	(34.0, 217759.0)	(35.0, 308823.0)	(36.0, 512766.0)	(37.0, 896225.0)	(38.0, 2079471.0)	(39.0, 7864163.0)	(40.0, 1180832.0)	
985_Cort_22YMFCLT3_TATCACTCTG-AACGTTACAT_L006_R1	(16.0, 21.0)	(17.0, 313.0)	(18.0, 2793.0)	(19.0, 9632.0)	(20.0, 22638.0)	(21.0, 33254.0)	(22.0, 37026.0)	(23.0, 37484.0)	(24.0, 41680.0)	(25.0, 44354.0)	(26.0, 51584.0)	(27.0, 57854.0)	(28.0, 70153.0)	(29.0, 82818.0)	(30.0, 108990.0)	(31.0, 152726.0)	(32.0, 213500.0)	(33.0, 190739.0)	(34.0, 226696.0)	(35.0, 319812.0)	(36.0, 524329.0)	(37.0, 866011.0)	(38.0, 1851767.0)	(39.0, 7643299.0)	(40.0, 1557886.0)				
985_Cort_22YMFCLT3_TATCACTCTG-AACGTTACAT_L006_R2	(12.0, 1.0)	(13.0, 46.0)	(14.0, 125.0)	(15.0, 309.0)	(16.0, 1393.0)	(17.0, 4732.0)	(18.0, 12352.0)	(19.0, 23205.0)	(20.0, 37310.0)	(21.0, 42419.0)	(22.0, 40580.0)	(23.0, 38273.0)	(24.0, 40588.0)	(25.0, 42237.0)	(26.0, 48427.0)	(27.0, 52755.0)	(28.0, 60646.0)	(29.0, 67433.0)	(30.0, 81316.0)	(31.0, 93565.0)	(32.0, 117123.0)	(33.0, 144336.0)	(34.0, 198371.0)	(35.0, 278905.0)	(36.0, 464638.0)	(37.0, 817779.0)	(38.0, 1904939.0)	(39.0, 8049113.0)	(40.0, 1484443.0)
985_Cort_22YMFCLT3_TATCACTCTG-AACGTTACAT_L007_R1	(16.0, 16.0)	(17.0, 251.0)	(18.0, 2090.0)	(19.0, 7337.0)	(20.0, 16451.0)	(21.0, 22916.0)	(22.0, 25776.0)	(23.0, 27215.0)	(24.0, 30126.0)	(25.0, 32693.0)	(26.0, 38414.0)	(27.0, 43084.0)	(28.0, 52779.0)	(29.0, 62745.0)	(30.0, 84662.0)	(31.0, 121915.0)	(32.0, 181966.0)	(33.0, 158105.0)	(34.0, 185127.0)	(35.0, 267619.0)	(36.0, 452042.0)	(37.0, 771961.0)	(38.0, 1667744.0)	(39.0, 7494220.0)	(40.0, 1854582.0)				
985_Cort_22YMFCLT3_TATCACTCTG-AACGTTACAT_L007_R2	(12.0, 1.0)	(13.0, 96.0)	(14.0, 221.0)	(15.0, 389.0)	(16.0, 1457.0)	(17.0, 4430.0)	(18.0, 11318.0)	(19.0, 20742.0)	(20.0, 31506.0)	(21.0, 34398.0)	(22.0, 32890.0)	(23.0, 31031.0)	(24.0, 33067.0)	(25.0, 35185.0)	(26.0, 39802.0)	(27.0, 43708.0)	(28.0, 50975.0)	(29.0, 57030.0)	(30.0, 68907.0)	(31.0, 79803.0)	(32.0, 100689.0)	(33.0, 125874.0)	(34.0, 174403.0)	(35.0, 250830.0)	(36.0, 426520.0)	(37.0, 774345.0)	(38.0, 1828024.0)	(39.0, 7864097.0)	(40.0, 1480098.0)
985_Cort_22YMFCLT3_TATCACTCTG-AACGTTACAT_L008_R1	(16.0, 12.0)	(17.0, 305.0)	(18.0, 2571.0)	(19.0, 8783.0)	(20.0, 19567.0)	(21.0, 27358.0)	(22.0, 30085.0)	(23.0, 31182.0)	(24.0, 34274.0)	(25.0, 37417.0)	(26.0, 42263.0)	(27.0, 47756.0)	(28.0, 58095.0)	(29.0, 69370.0)	(30.0, 92313.0)	(31.0, 130413.0)	(32.0, 203745.0)	(33.0, 188425.0)	(34.0, 200317.0)	(35.0, 286259.0)	(36.0, 481743.0)	(37.0, 814649.0)	(38.0, 1747323.0)	(39.0, 7994427.0)	(40.0, 2283156.0)				
985_Cort_22YMFCLT3_TATCACTCTG-AACGTTACAT_L008_R2	(13.0, 13.0)	(14.0, 76.0)	(15.0, 267.0)	(16.0, 1209.0)	(17.0, 4138.0)	(18.0, 10803.0)	(19.0, 19732.0)	(20.0, 30138.0)	(21.0, 33773.0)	(22.0, 33034.0)	(23.0, 31262.0)	(24.0, 33870.0)	(25.0, 35902.0)	(26.0, 40191.0)	(27.0, 44084.0)	(28.0, 51259.0)	(29.0, 57834.0)	(30.0, 69104.0)	(31.0, 80194.0)	(32.0, 100164.0)	(33.0, 124250.0)	(34.0, 173086.0)	(35.0, 249013.0)	(36.0, 426681.0)	(37.0, 769955.0)	(38.0, 1801366.0)	(39.0, 8485495.0)	(40.0, 2124915.0)	
Tube1_Cort_22YMFCLT3_CCTGACCACT-TCTTGGCTAT_L001_R1	(16.0, 14.0)	(17.0, 296.0)	(18.0, 2507.0)	(19.0, 8195.0)	(20.0, 18284.0)	(21.0, 25220.0)	(22.0, 27495.0)	(23.0, 28122.0)	(24.0, 31234.0)	(25.0, 33001.0)	(26.0, 38570.0)	(27.0, 43789.0)	(28.0, 53444.0)	(29.0, 64141.0)	(30.0, 85254.0)	(31.0, 113061.0)	(32.0, 165018.0)	(33.0, 201141.0)	(34.0, 225048.0)	(35.0, 322706.0)	(36.0, 530974.0)	(37.0, 891669.0)	(38.0, 1962611.0)	(39.0, 7668146.0)	(40.0, 2949779.0)				
Tube1_Cort_22YMFCLT3_CCTGACCACT-TCTTGGCTAT_L001_R2	(13.0, 2.0)	(14.0, 18.0)	(15.0, 237.0)	(16.0, 1310.0)	(17.0, 4494.0)	(18.0, 10961.0)	(19.0, 18284.0)	(20.0, 25297.0)	(21.0, 25523.0)	(22.0, 24132.0)	(23.0, 23063.0)	(24.0, 25095.0)	(25.0, 26452.0)	(26.0, 30542.0)	(27.0, 34182.0)	(28.0, 40750.0)	(29.0, 47143.0)	(30.0, 57799.0)	(31.0, 68549.0)	(32.0, 88317.0)	(33.0, 114312.0)	(34.0, 165584.0)	(35.0, 248862.0)	(36.0, 436827.0)	(37.0, 800199.0)	(38.0, 1995274.0)	(39.0, 8550388.0)	(40.0, 2626123.0)	
Tube1_Cort_22YMFCLT3_CCTGACCACT-TCTTGGCTAT_L002_R1	(16.0, 15.0)	(17.0, 319.0)	(18.0, 2413.0)	(19.0, 8086.0)	(20.0, 18114.0)	(21.0, 25150.0)	(22.0, 27926.0)	(23.0, 27962.0)	(24.0, 30855.0)	(25.0, 33584.0)	(26.0, 38804.0)	(27.0, 43441.0)	(28.0, 53544.0)	(29.0, 64709.0)	(30.0, 86163.0)	(31.0, 114549.0)	(32.0, 171216.0)	(33.0, 193128.0)	(34.0, 224672.0)	(35.0, 325635.0)	(36.0, 540917.0)	(37.0, 911793.0)	(38.0, 1974538.0)	(39.0, 7899127.0)	(40.0, 2553003.0)				
Tube1_Cort_22YMFCLT3_CCTGACCACT-TCTTGGCTAT_L002_R2	(13.0, 5.0)	(14.0, 27.0)	(15.0, 229.0)	(16.0, 1358.0)	(17.0, 4467.0)	(18.0, 11447.0)	(19.0, 19397.0)	(20.0, 27631.0)	(21.0, 28884.0)	(22.0, 26719.0)	(23.0, 24899.0)	(24.0, 27356.0)	(25.0, 28911.0)	(26.0, 33212.0)	(27.0, 37172.0)	(28.0, 43712.0)	(29.0, 50171.0)	(30.0, 61775.0)	(31.0, 73054.0)	(32.0, 93672.0)	(33.0, 120376.0)	(34.0, 173001.0)	(35.0, 255520.0)	(36.0, 443189.0)	(37.0, 807314.0)	(38.0, 1975621.0)	(39.0, 8699662.0)	(40.0, 2300882.0)	
Tube1_Cort_22YMFCLT3_CCTGACCACT-TCTTGGCTAT_L003_R1	(16.0, 9.0)	(17.0, 335.0)	(18.0, 2417.0)	(19.0, 8216.0)	(20.0, 18331.0)	(21.0, 25854.0)	(22.0, 28672.0)	(23.0, 28948.0)	(24.0, 32127.0)	(25.0, 34506.0)	(26.0, 40078.0)	(27.0, 45694.0)	(28.0, 55966.0)	(29.0, 66837.0)	(30.0, 88480.0)	(31.0, 119649.0)	(32.0, 180159.0)	(33.0, 195411.0)	(34.0, 234145.0)	(35.0, 340558.0)	(36.0, 566309.0)	(37.0, 939054.0)	(38.0, 1977399.0)	(39.0, 7990145.0)	(40.0, 2279702.0)				
Tube1_Cort_22YMFCLT3_CCTGACCACT-TCTTGGCTAT_L003_R2	(12.0, 1.0)	(13.0, 4.0)	(14.0, 41.0)	(15.0, 285.0)	(16.0, 1521.0)	(17.0, 4592.0)	(18.0, 11618.0)	(19.0, 19900.0)	(20.0, 28351.0)	(21.0, 30131.0)	(22.0, 27453.0)	(23.0, 26163.0)	(24.0, 28286.0)	(25.0, 30148.0)	(26.0, 34774.0)	(27.0, 38308.0)	(28.0, 45811.0)	(29.0, 52090.0)	(30.0, 63054.0)	(31.0, 74674.0)	(32.0, 96233.0)	(33.0, 122863.0)	(34.0, 175294.0)	(35.0, 258450.0)	(36.0, 446010.0)	(37.0, 806288.0)	(38.0, 1925897.0)	(39.0, 8701455.0)	(40.0, 2249306.0)
Tube1_Cort_22YMFCLT3_CCTGACCACT-TCTTGGCTAT_L004_R1	(16.0, 18.0)	(17.0, 279.0)	(18.0, 2374.0)	(19.0, 8249.0)	(20.0, 18479.0)	(21.0, 26056.0)	(22.0, 28419.0)	(23.0, 29024.0)	(24.0, 32382.0)	(25.0, 34890.0)	(26.0, 40628.0)	(27.0, 45937.0)	(28.0, 55869.0)	(29.0, 66857.0)	(30.0, 88360.0)	(31.0, 121321.0)	(32.0, 182810.0)	(33.0, 184861.0)	(34.0, 229499.0)	(35.0, 335670.0)	(36.0, 558878.0)	(37.0, 931735.0)	(38.0, 1951448.0)	(39.0, 7895195.0)	(40.0, 1816668.0)				
Tube1_Cort_22YMFCLT3_CCTGACCACT-TCTTGGCTAT_L004_R2	(13.0, 3.0)	(14.0, 30.0)	(15.0, 238.0)	(16.0, 1414.0)	(17.0, 4521.0)	(18.0, 11100.0)	(19.0, 19552.0)	(20.0, 28940.0)	(21.0, 30186.0)	(22.0, 28029.0)	(23.0, 26394.0)	(24.0, 28533.0)	(25.0, 30286.0)	(26.0, 34500.0)	(27.0, 38529.0)	(28.0, 45177.0)	(29.0, 51885.0)	(30.0, 63195.0)	(31.0, 74246.0)	(32.0, 95549.0)	(33.0, 120959.0)	(34.0, 172553.0)	(35.0, 255694.0)	(36.0, 441892.0)	(37.0, 794460.0)	(38.0, 1886173.0)	(39.0, 8584750.0)	(40.0, 1817118.0)	
Tube1_Cort_22YMFCLT3_CCTGACCACT-TCTTGGCTAT_L005_R1	(15.0, 4.0)	(16.0, 21.0)	(17.0, 297.0)	(18.0, 2291.0)	(19.0, 8128.0)	(20.0, 18538.0)	(21.0, 27181.0)	(22.0, 30191.0)	(23.0, 30373.0)	(24.0, 33550.0)	(25.0, 36045.0)	(26.0, 42123.0)	(27.0, 47475.0)	(28.0, 58043.0)	(29.0, 68783.0)	(30.0, 90614.0)	(31.0, 123994.0)	(32.0, 181029.0)	(33.0, 180376.0)	(34.0, 225905.0)	(35.0, 326298.0)	(36.0, 534546.0)	(37.0, 884993.0)	(38.0, 1888043.0)	(39.0, 7651127.0)	(40.0, 1396695.0)			
Tube1_Cort_22YMFCLT3_CCTGACCACT-TCTTGGCTAT_L005_R2	(12.0, 1.0)	(13.0, 32.0)	(14.0, 203.0)	(15.0, 509.0)	(16.0, 1870.0)	(17.0, 5347.0)	(18.0, 12999.0)	(19.0, 23359.0)	(20.0, 35380.0)	(21.0, 38289.0)	(22.0, 35179.0)	(23.0, 32824.0)	(24.0, 35514.0)	(25.0, 37399.0)	(26.0, 41732.0)	(27.0, 45939.0)	(28.0, 53918.0)	(29.0, 60277.0)	(30.0, 72369.0)	(31.0, 84375.0)	(32.0, 108286.0)	(33.0, 136216.0)	(34.0, 190672.0)	(35.0, 274331.0)	(36.0, 461936.0)	(37.0, 818682.0)	(38.0, 1935034.0)	(39.0, 8058145.0)	(40.0, 1285846.0)
Tube1_Cort_22YMFCLT3_CCTGACCACT-TCTTGGCTAT_L006_R1	(16.0, 8.0)	(17.0, 304.0)	(18.0, 2400.0)	(19.0, 8216.0)	(20.0, 19985.0)	(21.0, 30060.0)	(22.0, 32663.0)	(23.0, 32824.0)	(24.0, 36082.0)	(25.0, 38350.0)	(26.0, 44167.0)	(27.0, 49057.0)	(28.0, 59511.0)	(29.0, 70464.0)	(30.0, 90655.0)	(31.0, 123572.0)	(32.0, 180256.0)	(33.0, 177921.0)	(34.0, 217378.0)	(35.0, 309908.0)	(36.0, 507713.0)	(37.0, 846248.0)	(38.0, 1818267.0)	(39.0, 7711139.0)	(40.0, 1559694.0)				
Tube1_Cort_22YMFCLT3_CCTGACCACT-TCTTGGCTAT_L006_R2	(12.0, 1.0)	(13.0, 28.0)	(14.0, 119.0)	(15.0, 324.0)	(16.0, 1418.0)	(17.0, 4789.0)	(18.0, 12016.0)	(19.0, 22202.0)	(20.0, 35012.0)	(21.0, 38769.0)	(22.0, 36103.0)	(23.0, 32982.0)	(24.0, 35084.0)	(25.0, 36045.0)	(26.0, 40530.0)	(27.0, 43991.0)	(28.0, 51601.0)	(29.0, 57685.0)	(30.0, 69678.0)	(31.0, 79810.0)	(32.0, 101018.0)	(33.0, 125473.0)	(34.0, 174207.0)	(35.0, 247218.0)	(36.0, 417668.0)	(37.0, 739246.0)	(38.0, 1752034.0)	(39.0, 8204071.0)	(40.0, 1607720.0)
Tube1_Cort_22YMFCLT3_CCTGACCACT-TCTTGGCTAT_L007_R1	(16.0, 16.0)	(17.0, 230.0)	(18.0, 1803.0)	(19.0, 6172.0)	(20.0, 13887.0)	(21.0, 19646.0)	(22.0, 22110.0)	(23.0, 22358.0)	(24.0, 25100.0)	(25.0, 27130.0)	(26.0, 31206.0)	(27.0, 35157.0)	(28.0, 42919.0)	(29.0, 51342.0)	(30.0, 68385.0)	(31.0, 94721.0)	(32.0, 148937.0)	(33.0, 144785.0)	(34.0, 174807.0)	(35.0, 256306.0)	(36.0, 434848.0)	(37.0, 750489.0)	(38.0, 1627933.0)	(39.0, 7499798.0)	(40.0, 1839796.0)				
Tube1_Cort_22YMFCLT3_CCTGACCACT-TCTTGGCTAT_L007_R2	(12.0, 3.0)	(13.0, 67.0)	(14.0, 184.0)	(15.0, 373.0)	(16.0, 1425.0)	(17.0, 4455.0)	(18.0, 10784.0)	(19.0, 19191.0)	(20.0, 28998.0)	(21.0, 30364.0)	(22.0, 27779.0)	(23.0, 25463.0)	(24.0, 27250.0)	(25.0, 28061.0)	(26.0, 32456.0)	(27.0, 35603.0)	(28.0, 41428.0)	(29.0, 47154.0)	(30.0, 56254.0)	(31.0, 66563.0)	(32.0, 84253.0)	(33.0, 106324.0)	(34.0, 149036.0)	(35.0, 218755.0)	(36.0, 378036.0)	(37.0, 700166.0)	(38.0, 1686723.0)	(39.0, 7968821.0)	(40.0, 1563912.0)
Tube1_Cort_22YMFCLT3_CCTGACCACT-TCTTGGCTAT_L008_R1	(15.0, 1.0)	(16.0, 20.0)	(17.0, 268.0)	(18.0, 2310.0)	(19.0, 7733.0)	(20.0, 17109.0)	(21.0, 24338.0)	(22.0, 26459.0)	(23.0, 26915.0)	(24.0, 29345.0)	(25.0, 31084.0)	(26.0, 36128.0)	(27.0, 39837.0)	(28.0, 48477.0)	(29.0, 57327.0)	(30.0, 74950.0)	(31.0, 103735.0)	(32.0, 168070.0)	(33.0, 168349.0)	(34.0, 192860.0)	(35.0, 279129.0)	(36.0, 469330.0)	(37.0, 799982.0)	(38.0, 1708594.0)	(39.0, 8019668.0)	(40.0, 2277668.0)			
Tube1_Cort_22YMFCLT3_CCTGACCACT-TCTTGGCTAT_L008_R2	(13.0, 7.0)	(14.0, 51.0)	(15.0, 232.0)	(16.0, 1201.0)	(17.0, 4217.0)	(18.0, 10701.0)	(19.0, 18886.0)	(20.0, 27597.0)	(21.0, 30127.0)	(22.0, 28304.0)	(23.0, 26834.0)	(24.0, 27849.0)	(25.0, 29197.0)	(26.0, 33298.0)	(27.0, 35845.0)	(28.0, 42013.0)	(29.0, 48007.0)	(30.0, 57045.0)	(31.0, 66859.0)	(32.0, 84776.0)	(33.0, 105948.0)	(34.0, 148529.0)	(35.0, 216295.0)	(36.0, 377481.0)	(37.0, 693767.0)	(38.0, 1650866.0)	(39.0, 8570045.0)	(40.0, 2273709.0)	
Tube2_Cort_22YMFCLT3_AGCTGGAATG-ACGGAATGCG_L001_R1	(16.0, 17.0)	(17.0, 369.0)	(18.0, 3232.0)	(19.0, 10190.0)	(20.0, 21086.0)	(21.0, 27252.0)	(22.0, 28289.0)	(23.0, 28836.0)	(24.0, 31928.0)	(25.0, 33968.0)	(26.0, 39069.0)	(27.0, 43763.0)	(28.0, 53036.0)	(29.0, 62198.0)	(30.0, 79349.0)	(31.0, 100437.0)	(32.0, 136060.0)	(33.0, 174573.0)	(34.0, 213300.0)	(35.0, 304365.0)	(36.0, 496052.0)	(37.0, 825543.0)	(38.0, 1795074.0)	(39.0, 6827434.0)	(40.0, 2581657.0)				
Tube2_Cort_22YMFCLT3_AGCTGGAATG-ACGGAATGCG_L001_R2	(14.0, 20.0)	(15.0, 165.0)	(16.0, 1094.0)	(17.0, 4216.0)	(18.0, 11008.0)	(19.0, 19316.0)	(20.0, 28340.0)	(21.0, 29024.0)	(22.0, 27070.0)	(23.0, 26274.0)	(24.0, 28621.0)	(25.0, 30508.0)	(26.0, 35313.0)	(27.0, 39185.0)	(28.0, 46031.0)	(29.0, 52797.0)	(30.0, 64484.0)	(31.0, 75948.0)	(32.0, 98220.0)	(33.0, 125381.0)	(34.0, 180066.0)	(35.0, 265264.0)	(36.0, 455184.0)	(37.0, 807379.0)	(38.0, 1933122.0)	(39.0, 7405343.0)	(40.0, 2127704.0)		
Tube2_Cort_22YMFCLT3_AGCTGGAATG-ACGGAATGCG_L002_R1	(16.0, 21.0)	(17.0, 344.0)	(18.0, 3160.0)	(19.0, 10288.0)	(20.0, 21372.0)	(21.0, 28299.0)	(22.0, 29423.0)	(23.0, 29540.0)	(24.0, 32795.0)	(25.0, 35223.0)	(26.0, 40168.0)	(27.0, 45043.0)	(28.0, 54357.0)	(29.0, 64159.0)	(30.0, 81040.0)	(31.0, 102148.0)	(32.0, 142360.0)	(33.0, 175765.0)	(34.0, 216868.0)	(35.0, 313667.0)	(36.0, 514329.0)	(37.0, 856635.0)	(38.0, 1821323.0)	(39.0, 7127830.0)	(40.0, 2261155.0)				
Tube2_Cort_22YMFCLT3_AGCTGGAATG-ACGGAATGCG_L002_R2	(12.0, 1.0)	(13.0, 12.0)	(14.0, 33.0)	(15.0, 184.0)	(16.0, 1181.0)	(17.0, 4405.0)	(18.0, 11736.0)	(19.0, 20901.0)	(20.0, 31111.0)	(21.0, 32894.0)	(22.0, 30504.0)	(23.0, 29235.0)	(24.0, 31421.0)	(25.0, 33266.0)	(26.0, 38684.0)	(27.0, 42327.0)	(28.0, 50309.0)	(29.0, 57395.0)	(30.0, 69000.0)	(31.0, 81395.0)	(32.0, 104249.0)	(33.0, 131881.0)	(34.0, 187397.0)	(35.0, 276114.0)	(36.0, 466214.0)	(37.0, 820958.0)	(38.0, 1926081.0)	(39.0, 7649593.0)	(40.0, 1878831.0)
Tube2_Cort_22YMFCLT3_AGCTGGAATG-ACGGAATGCG_L003_R1	(16.0, 25.0)	(17.0, 441.0)	(18.0, 3394.0)	(19.0, 10736.0)	(20.0, 22034.0)	(21.0, 29151.0)	(22.0, 30843.0)	(23.0, 30798.0)	(24.0, 34230.0)	(25.0, 36510.0)	(26.0, 41928.0)	(27.0, 47138.0)	(28.0, 56692.0)	(29.0, 65922.0)	(30.0, 84425.0)	(31.0, 105384.0)	(32.0, 148731.0)	(33.0, 180065.0)	(34.0, 226349.0)	(35.0, 324679.0)	(36.0, 534394.0)	(37.0, 873893.0)	(38.0, 1815573.0)	(39.0, 7179397.0)	(40.0, 2022981.0)				
Tube2_Cort_22YMFCLT3_AGCTGGAATG-ACGGAATGCG_L003_R2	(13.0, 11.0)	(14.0, 46.0)	(15.0, 238.0)	(16.0, 1319.0)	(17.0, 4857.0)	(18.0, 12535.0)	(19.0, 22342.0)	(20.0, 32376.0)	(21.0, 34552.0)	(22.0, 32164.0)	(23.0, 30701.0)	(24.0, 32859.0)	(25.0, 35320.0)	(26.0, 40054.0)	(27.0, 43996.0)	(28.0, 52105.0)	(29.0, 58971.0)	(30.0, 71417.0)	(31.0, 84320.0)	(32.0, 106564.0)	(33.0, 135132.0)	(34.0, 191264.0)	(35.0, 276528.0)	(36.0, 467018.0)	(37.0, 814379.0)	(38.0, 1870881.0)	(39.0, 7644913.0)	(40.0, 1808851.0)	
Tube2_Cort_22YMFCLT3_AGCTGGAATG-ACGGAATGCG_L004_R1	(16.0, 21.0)	(17.0, 421.0)	(18.0, 3361.0)	(19.0, 10917.0)	(20.0, 22675.0)	(21.0, 30286.0)	(22.0, 31454.0)	(23.0, 31274.0)	(24.0, 34683.0)	(25.0, 37088.0)	(26.0, 42653.0)	(27.0, 47614.0)	(28.0, 56849.0)	(29.0, 65830.0)	(30.0, 83252.0)	(31.0, 105826.0)	(32.0, 148857.0)	(33.0, 173256.0)	(34.0, 220375.0)	(35.0, 319091.0)	(36.0, 526243.0)	(37.0, 863840.0)	(38.0, 1784942.0)	(39.0, 7048146.0)	(40.0, 1597222.0)				
Tube2_Cort_22YMFCLT3_AGCTGGAATG-ACGGAATGCG_L004_R2	(13.0, 2.0)	(14.0, 30.0)	(15.0, 236.0)	(16.0, 1362.0)	(17.0, 4728.0)	(18.0, 12724.0)	(19.0, 22706.0)	(20.0, 33588.0)	(21.0, 35440.0)	(22.0, 32737.0)	(23.0, 30737.0)	(24.0, 33056.0)	(25.0, 35397.0)	(26.0, 40065.0)	(27.0, 43917.0)	(28.0, 51935.0)	(29.0, 58625.0)	(30.0, 71390.0)	(31.0, 82732.0)	(32.0, 105673.0)	(33.0, 133535.0)	(34.0, 188133.0)	(35.0, 272827.0)	(36.0, 458763.0)	(37.0, 797816.0)	(38.0, 1822610.0)	(39.0, 7483705.0)	(40.0, 1431707.0)	
Tube2_Cort_22YMFCLT3_AGCTGGAATG-ACGGAATGCG_L005_R1	(15.0, 2.0)	(16.0, 17.0)	(17.0, 425.0)	(18.0, 3345.0)	(19.0, 10855.0)	(20.0, 23314.0)	(21.0, 32475.0)	(22.0, 34239.0)	(23.0, 33324.0)	(24.0, 35989.0)	(25.0, 38829.0)	(26.0, 44555.0)	(27.0, 50061.0)	(28.0, 59426.0)	(29.0, 69288.0)	(30.0, 87344.0)	(31.0, 110047.0)	(32.0, 152322.0)	(33.0, 171776.0)	(34.0, 222549.0)	(35.0, 315124.0)	(36.0, 509826.0)	(37.0, 835836.0)	(38.0, 1752147.0)	(39.0, 6871592.0)	(40.0, 1229637.0)			
Tube2_Cort_22YMFCLT3_AGCTGGAATG-ACGGAATGCG_L005_R2	(12.0, 2.0)	(13.0, 77.0)	(14.0, 251.0)	(15.0, 575.0)	(16.0, 1873.0)	(17.0, 5979.0)	(18.0, 15330.0)	(19.0, 27318.0)	(20.0, 41400.0)	(21.0, 44206.0)	(22.0, 40998.0)	(23.0, 38133.0)	(24.0, 40336.0)	(25.0, 42448.0)	(26.0, 47676.0)	(27.0, 51908.0)	(28.0, 60465.0)	(29.0, 67983.0)	(30.0, 80847.0)	(31.0, 94546.0)	(32.0, 119454.0)	(33.0, 148848.0)	(34.0, 205444.0)	(35.0, 291790.0)	(36.0, 479939.0)	(37.0, 828055.0)	(38.0, 1888428.0)	(39.0, 7019981.0)	(40.0, 1010054.0)
Tube2_Cort_22YMFCLT3_AGCTGGAATG-ACGGAATGCG_L006_R1	(16.0, 22.0)	(17.0, 393.0)	(18.0, 3123.0)	(19.0, 10940.0)	(20.0, 23823.0)	(21.0, 34134.0)	(22.0, 36161.0)	(23.0, 34673.0)	(24.0, 37887.0)	(25.0, 40078.0)	(26.0, 45796.0)	(27.0, 50949.0)	(28.0, 59718.0)	(29.0, 68978.0)	(30.0, 85612.0)	(31.0, 108251.0)	(32.0, 149873.0)	(33.0, 167091.0)	(34.0, 210534.0)	(35.0, 298086.0)	(36.0, 483839.0)	(37.0, 798801.0)	(38.0, 1677898.0)	(39.0, 6926270.0)	(40.0, 1374410.0)				
Tube2_Cort_22YMFCLT3_AGCTGGAATG-ACGGAATGCG_L006_R2	(12.0, 2.0)	(13.0, 42.0)	(14.0, 131.0)	(15.0, 305.0)	(16.0, 1326.0)	(17.0, 4910.0)	(18.0, 13542.0)	(19.0, 25416.0)	(20.0, 39849.0)	(21.0, 44136.0)	(22.0, 40362.0)	(23.0, 37007.0)	(24.0, 38823.0)	(25.0, 40768.0)	(26.0, 45582.0)	(27.0, 49533.0)	(28.0, 57916.0)	(29.0, 64514.0)	(30.0, 76967.0)	(31.0, 88820.0)	(32.0, 110055.0)	(33.0, 136431.0)	(34.0, 187758.0)	(35.0, 264263.0)	(36.0, 435311.0)	(37.0, 754913.0)	(38.0, 1726440.0)	(39.0, 7172957.0)	(40.0, 1269261.0)
Tube2_Cort_22YMFCLT3_AGCTGGAATG-ACGGAATGCG_L007_R1	(16.0, 11.0)	(17.0, 305.0)	(18.0, 2598.0)	(19.0, 8382.0)	(20.0, 17093.0)	(21.0, 22594.0)	(22.0, 24338.0)	(23.0, 24372.0)	(24.0, 26605.0)	(25.0, 28660.0)	(26.0, 32712.0)	(27.0, 36487.0)	(28.0, 43667.0)	(29.0, 51188.0)	(30.0, 64289.0)	(31.0, 82315.0)	(32.0, 118990.0)	(33.0, 134507.0)	(34.0, 169076.0)	(35.0, 245118.0)	(36.0, 415127.0)	(37.0, 703802.0)	(38.0, 1500874.0)	(39.0, 6747992.0)	(40.0, 1629418.0)				
Tube2_Cort_22YMFCLT3_AGCTGGAATG-ACGGAATGCG_L007_R2	(12.0, 3.0)	(13.0, 104.0)	(14.0, 216.0)	(15.0, 403.0)	(16.0, 1402.0)	(17.0, 4407.0)	(18.0, 11873.0)	(19.0, 21747.0)	(20.0, 32190.0)	(21.0, 34452.0)	(22.0, 31663.0)	(23.0, 28958.0)	(24.0, 30519.0)	(25.0, 32524.0)	(26.0, 36568.0)	(27.0, 39585.0)	(28.0, 46280.0)	(29.0, 52283.0)	(30.0, 63013.0)	(31.0, 73327.0)	(32.0, 93038.0)	(33.0, 115997.0)	(34.0, 161018.0)	(35.0, 231702.0)	(36.0, 394500.0)	(37.0, 707156.0)	(38.0, 1639013.0)	(39.0, 6986259.0)	(40.0, 1260320.0)
Tube2_Cort_22YMFCLT3_AGCTGGAATG-ACGGAATGCG_L008_R1	(16.0, 11.0)	(17.0, 340.0)	(18.0, 3081.0)	(19.0, 9611.0)	(20.0, 20167.0)	(21.0, 26880.0)	(22.0, 28029.0)	(23.0, 27828.0)	(24.0, 30170.0)	(25.0, 32056.0)	(26.0, 36366.0)	(27.0, 40159.0)	(28.0, 48056.0)	(29.0, 55317.0)	(30.0, 69957.0)	(31.0, 90455.0)	(32.0, 130445.0)	(33.0, 148253.0)	(34.0, 181007.0)	(35.0, 260657.0)	(36.0, 438322.0)	(37.0, 739002.0)	(38.0, 1562110.0)	(39.0, 7146737.0)	(40.0, 1984904.0)				
Tube2_Cort_22YMFCLT3_AGCTGGAATG-ACGGAATGCG_L008_R2	(13.0, 10.0)	(14.0, 82.0)	(15.0, 275.0)	(16.0, 1136.0)	(17.0, 4304.0)	(18.0, 11441.0)	(19.0, 20791.0)	(20.0, 30838.0)	(21.0, 33804.0)	(22.0, 31349.0)	(23.0, 29512.0)	(24.0, 31248.0)	(25.0, 32413.0)	(26.0, 37104.0)	(27.0, 40085.0)	(28.0, 46650.0)	(29.0, 52547.0)	(30.0, 62884.0)	(31.0, 73295.0)	(32.0, 91934.0)	(33.0, 113733.0)	(34.0, 159478.0)	(35.0, 228833.0)	(36.0, 393155.0)	(37.0, 699051.0)	(38.0, 1608759.0)	(39.0, 7472873.0)	(40.0, 1802336.0)	
Tube3_Cort_22YMFCLT3_CCTTGGCATC-GACCGATTCG_L001_R1	(16.0, 8.0)	(17.0, 187.0)	(18.0, 1597.0)	(19.0, 5845.0)	(20.0, 12902.0)	(21.0, 19219.0)	(22.0, 21170.0)	(23.0, 21947.0)	(24.0, 25063.0)	(25.0, 27073.0)	(26.0, 31547.0)	(27.0, 35748.0)	(28.0, 44528.0)	(29.0, 53108.0)	(30.0, 70321.0)	(31.0, 89951.0)	(32.0, 125899.0)	(33.0, 151679.0)	(34.0, 186794.0)	(35.0, 272709.0)	(36.0, 450426.0)	(37.0, 753049.0)	(38.0, 1670280.0)	(39.0, 6131573.0)	(40.0, 2290967.0)				
Tube3_Cort_22YMFCLT3_CCTTGGCATC-GACCGATTCG_L001_R2	(13.0, 2.0)	(14.0, 19.0)	(15.0, 155.0)	(16.0, 1017.0)	(17.0, 3194.0)	(18.0, 8024.0)	(19.0, 13759.0)	(20.0, 20147.0)	(21.0, 21388.0)	(22.0, 20650.0)	(23.0, 20431.0)	(24.0, 22406.0)	(25.0, 24126.0)	(26.0, 27902.0)	(27.0, 30578.0)	(28.0, 36975.0)	(29.0, 43294.0)	(30.0, 52657.0)	(31.0, 63205.0)	(32.0, 82134.0)	(33.0, 105529.0)	(34.0, 154061.0)	(35.0, 230417.0)	(36.0, 399016.0)	(37.0, 725613.0)	(38.0, 1780256.0)	(39.0, 6729901.0)	(40.0, 1876734.0)	
Tube3_Cort_22YMFCLT3_CCTTGGCATC-GACCGATTCG_L002_R1	(16.0, 11.0)	(17.0, 190.0)	(18.0, 1649.0)	(19.0, 5602.0)	(20.0, 13407.0)	(21.0, 19271.0)	(22.0, 21721.0)	(23.0, 22233.0)	(24.0, 25212.0)	(25.0, 27281.0)	(26.0, 32198.0)	(27.0, 36590.0)	(28.0, 45263.0)	(29.0, 54077.0)	(30.0, 70862.0)	(31.0, 92059.0)	(32.0, 130345.0)	(33.0, 149060.0)	(34.0, 190058.0)	(35.0, 278783.0)	(36.0, 463842.0)	(37.0, 778251.0)	(38.0, 1682785.0)	(39.0, 6374501.0)	(40.0, 1987157.0)				
Tube3_Cort_22YMFCLT3_CCTTGGCATC-GACCGATTCG_L002_R2	(13.0, 2.0)	(14.0, 41.0)	(15.0, 162.0)	(16.0, 1068.0)	(17.0, 3309.0)	(18.0, 8584.0)	(19.0, 14792.0)	(20.0, 22018.0)	(21.0, 24159.0)	(22.0, 23392.0)	(23.0, 22377.0)	(24.0, 24471.0)	(25.0, 25964.0)	(26.0, 29997.0)	(27.0, 33684.0)	(28.0, 40468.0)	(29.0, 46245.0)	(30.0, 56968.0)	(31.0, 67389.0)	(32.0, 86914.0)	(33.0, 111928.0)	(34.0, 160308.0)	(35.0, 235975.0)	(36.0, 406885.0)	(37.0, 733285.0)	(38.0, 1762269.0)	(39.0, 6918895.0)	(40.0, 1640859.0)	
Tube3_Cort_22YMFCLT3_CCTTGGCATC-GACCGATTCG_L003_R1	(16.0, 10.0)	(17.0, 191.0)	(18.0, 1643.0)	(19.0, 5904.0)	(20.0, 13693.0)	(21.0, 20096.0)	(22.0, 22227.0)	(23.0, 22966.0)	(24.0, 26047.0)	(25.0, 28468.0)	(26.0, 33590.0)	(27.0, 38285.0)	(28.0, 46748.0)	(29.0, 56201.0)	(30.0, 74194.0)	(31.0, 96918.0)	(32.0, 137211.0)	(33.0, 152187.0)	(34.0, 198770.0)	(35.0, 289700.0)	(36.0, 479689.0)	(37.0, 794137.0)	(38.0, 1676911.0)	(39.0, 6433737.0)	(40.0, 1772385.0)				
Tube3_Cort_22YMFCLT3_CCTTGGCATC-GACCGATTCG_L003_R2	(13.0, 6.0)	(14.0, 36.0)	(15.0, 202.0)	(16.0, 1094.0)	(17.0, 3539.0)	(18.0, 8885.0)	(19.0, 15202.0)	(20.0, 22876.0)	(21.0, 25178.0)	(22.0, 23913.0)	(23.0, 23473.0)	(24.0, 25588.0)	(25.0, 27099.0)	(26.0, 31883.0)	(27.0, 35139.0)	(28.0, 41848.0)	(29.0, 47826.0)	(30.0, 58520.0)	(31.0, 68964.0)	(32.0, 89533.0)	(33.0, 113924.0)	(34.0, 161844.0)	(35.0, 237649.0)	(36.0, 406148.0)	(37.0, 726126.0)	(38.0, 1713612.0)	(39.0, 6930243.0)	(40.0, 1581558.0)	
Tube3_Cort_22YMFCLT3_CCTTGGCATC-GACCGATTCG_L004_R1	(16.0, 8.0)	(17.0, 172.0)	(18.0, 1594.0)	(19.0, 5895.0)	(20.0, 13940.0)	(21.0, 20288.0)	(22.0, 22763.0)	(23.0, 23084.0)	(24.0, 26249.0)	(25.0, 28667.0)	(26.0, 33583.0)	(27.0, 38407.0)	(28.0, 47052.0)	(29.0, 55935.0)	(30.0, 73348.0)	(31.0, 98541.0)	(32.0, 136859.0)	(33.0, 145231.0)	(34.0, 194982.0)	(35.0, 287092.0)	(36.0, 476925.0)	(37.0, 791665.0)	(38.0, 1657942.0)	(39.0, 6344091.0)	(40.0, 1386005.0)				
Tube3_Cort_22YMFCLT3_CCTTGGCATC-GACCGATTCG_L004_R2	(13.0, 4.0)	(14.0, 32.0)	(15.0, 187.0)	(16.0, 1055.0)	(17.0, 3299.0)	(18.0, 8514.0)	(19.0, 15173.0)	(20.0, 23292.0)	(21.0, 25436.0)	(22.0, 24463.0)	(23.0, 23572.0)	(24.0, 25590.0)	(25.0, 27214.0)	(26.0, 31500.0)	(27.0, 34898.0)	(28.0, 41477.0)	(29.0, 47557.0)	(30.0, 58024.0)	(31.0, 68395.0)	(32.0, 88123.0)	(33.0, 112668.0)	(34.0, 161244.0)	(35.0, 235043.0)	(36.0, 403368.0)	(37.0, 716735.0)	(38.0, 1681086.0)	(39.0, 6807582.0)	(40.0, 1244787.0)	
Tube3_Cort_22YMFCLT3_CCTTGGCATC-GACCGATTCG_L005_R1	(15.0, 1.0)	(16.0, 18.0)	(17.0, 190.0)	(18.0, 1597.0)	(19.0, 5874.0)	(20.0, 13811.0)	(21.0, 21005.0)	(22.0, 23597.0)	(23.0, 24166.0)	(24.0, 27036.0)	(25.0, 29739.0)	(26.0, 35053.0)	(27.0, 39587.0)	(28.0, 48266.0)	(29.0, 57245.0)	(30.0, 75331.0)	(31.0, 99918.0)	(32.0, 135521.0)	(33.0, 142138.0)	(34.0, 191561.0)	(35.0, 275070.0)	(36.0, 454949.0)	(37.0, 753032.0)	(38.0, 1617448.0)	(39.0, 6130993.0)	(40.0, 1052439.0)			
Tube3_Cort_22YMFCLT3_CCTTGGCATC-GACCGATTCG_L005_R2	(12.0, 1.0)	(13.0, 48.0)	(14.0, 182.0)	(15.0, 450.0)	(16.0, 1509.0)	(17.0, 4358.0)	(18.0, 10257.0)	(19.0, 18463.0)	(20.0, 29170.0)	(21.0, 31946.0)	(22.0, 30197.0)	(23.0, 29370.0)	(24.0, 30877.0)	(25.0, 32893.0)	(26.0, 37346.0)	(27.0, 41061.0)	(28.0, 47932.0)	(29.0, 54481.0)	(30.0, 65822.0)	(31.0, 76854.0)	(32.0, 98491.0)	(33.0, 124653.0)	(34.0, 174188.0)	(35.0, 250167.0)	(36.0, 417932.0)	(37.0, 736126.0)	(38.0, 1722366.0)	(39.0, 6317033.0)	(40.0, 871412.0)
Tube3_Cort_22YMFCLT3_CCTTGGCATC-GACCGATTCG_L006_R1	(16.0, 8.0)	(17.0, 175.0)	(18.0, 1606.0)	(19.0, 5919.0)	(20.0, 14879.0)	(21.0, 22904.0)	(22.0, 25407.0)	(23.0, 25788.0)	(24.0, 28703.0)	(25.0, 31235.0)	(26.0, 36261.0)	(27.0, 40471.0)	(28.0, 48767.0)	(29.0, 57529.0)	(30.0, 74172.0)	(31.0, 98542.0)	(32.0, 134121.0)	(33.0, 138220.0)	(34.0, 183277.0)	(35.0, 262139.0)	(36.0, 433512.0)	(37.0, 723144.0)	(38.0, 1552176.0)	(39.0, 6189615.0)	(40.0, 1181678.0)				
Tube3_Cort_22YMFCLT3_CCTTGGCATC-GACCGATTCG_L006_R2	(13.0, 24.0)	(14.0, 78.0)	(15.0, 257.0)	(16.0, 1086.0)	(17.0, 3604.0)	(18.0, 9177.0)	(19.0, 17598.0)	(20.0, 27927.0)	(21.0, 31985.0)	(22.0, 30638.0)	(23.0, 28370.0)	(24.0, 30021.0)	(25.0, 32086.0)	(26.0, 35914.0)	(27.0, 39363.0)	(28.0, 45861.0)	(29.0, 51570.0)	(30.0, 62609.0)	(31.0, 72413.0)	(32.0, 91057.0)	(33.0, 114189.0)	(34.0, 157900.0)	(35.0, 225682.0)	(36.0, 378814.0)	(37.0, 673028.0)	(38.0, 1579888.0)	(39.0, 6472482.0)	(40.0, 1096627.0)	
Tube3_Cort_22YMFCLT3_CCTTGGCATC-GACCGATTCG_L007_R1	(16.0, 3.0)	(17.0, 143.0)	(18.0, 1244.0)	(19.0, 4359.0)	(20.0, 10146.0)	(21.0, 15428.0)	(22.0, 17211.0)	(23.0, 17945.0)	(24.0, 20381.0)	(25.0, 22518.0)	(26.0, 25584.0)	(27.0, 29534.0)	(28.0, 35580.0)	(29.0, 42767.0)	(30.0, 56022.0)	(31.0, 76399.0)	(32.0, 109731.0)	(33.0, 110434.0)	(34.0, 147294.0)	(35.0, 217710.0)	(36.0, 371297.0)	(37.0, 639205.0)	(38.0, 1379880.0)	(39.0, 6006485.0)	(40.0, 1391175.0)				
Tube3_Cort_22YMFCLT3_CCTTGGCATC-GACCGATTCG_L007_R2	(12.0, 1.0)	(13.0, 90.0)	(14.0, 176.0)	(15.0, 313.0)	(16.0, 1083.0)	(17.0, 3412.0)	(18.0, 8539.0)	(19.0, 15304.0)	(20.0, 23421.0)	(21.0, 25594.0)	(22.0, 23909.0)	(23.0, 22462.0)	(24.0, 24132.0)	(25.0, 25394.0)	(26.0, 29004.0)	(27.0, 32339.0)	(28.0, 37964.0)	(29.0, 42901.0)	(30.0, 51741.0)	(31.0, 61125.0)	(32.0, 77702.0)	(33.0, 98054.0)	(34.0, 137338.0)	(35.0, 200555.0)	(36.0, 344956.0)	(37.0, 628995.0)	(38.0, 1487357.0)	(39.0, 6256636.0)	(40.0, 1087978.0)
Tube3_Cort_22YMFCLT3_CCTTGGCATC-GACCGATTCG_L008_R1	(16.0, 8.0)	(17.0, 189.0)	(18.0, 1495.0)	(19.0, 5445.0)	(20.0, 12804.0)	(21.0, 18146.0)	(22.0, 20538.0)	(23.0, 21061.0)	(24.0, 23458.0)	(25.0, 25127.0)	(26.0, 29221.0)	(27.0, 33190.0)	(28.0, 39869.0)	(29.0, 47223.0)	(30.0, 61699.0)	(31.0, 83647.0)	(32.0, 123421.0)	(33.0, 125403.0)	(34.0, 159834.0)	(35.0, 233931.0)	(36.0, 397931.0)	(37.0, 674966.0)	(38.0, 1449098.0)	(39.0, 6432546.0)	(40.0, 1737812.0)				
Tube3_Cort_22YMFCLT3_CCTTGGCATC-GACCGATTCG_L008_R2	(13.0, 15.0)	(14.0, 50.0)	(15.0, 196.0)	(16.0, 946.0)	(17.0, 3201.0)	(18.0, 8242.0)	(19.0, 14409.0)	(20.0, 22181.0)	(21.0, 24851.0)	(22.0, 24214.0)	(23.0, 23228.0)	(24.0, 24846.0)	(25.0, 26016.0)	(26.0, 29805.0)	(27.0, 32435.0)	(28.0, 37892.0)	(29.0, 43164.0)	(30.0, 51737.0)	(31.0, 60511.0)	(32.0, 77197.0)	(33.0, 97562.0)	(34.0, 136834.0)	(35.0, 198817.0)	(36.0, 345303.0)	(37.0, 628942.0)	(38.0, 1477053.0)	(39.0, 6778045.0)	(40.0, 1590370.0)	
Tube4_Cort_22YMFCLT3_TATAGGTACT-TAGGTGAGAT_L001_R1	(16.0, 21.0)	(17.0, 460.0)	(18.0, 3454.0)	(19.0, 10687.0)	(20.0, 21414.0)	(21.0, 27693.0)	(22.0, 30079.0)	(23.0, 30549.0)	(24.0, 34286.0)	(25.0, 36792.0)	(26.0, 42656.0)	(27.0, 48161.0)	(28.0, 60069.0)	(29.0, 73469.0)	(30.0, 102307.0)	(31.0, 144954.0)	(32.0, 225541.0)	(33.0, 259059.0)	(34.0, 205909.0)	(35.0, 283823.0)	(36.0, 462295.0)	(37.0, 766182.0)	(38.0, 1672131.0)	(39.0, 6488124.0)	(40.0, 2519624.0)				
Tube4_Cort_22YMFCLT3_TATAGGTACT-TAGGTGAGAT_L001_R2	(13.0, 1.0)	(14.0, 13.0)	(15.0, 176.0)	(16.0, 1293.0)	(17.0, 4358.0)	(18.0, 11599.0)	(19.0, 20202.0)	(20.0, 26699.0)	(21.0, 26513.0)	(22.0, 24308.0)	(23.0, 23149.0)	(24.0, 25134.0)	(25.0, 26812.0)	(26.0, 30814.0)	(27.0, 34187.0)	(28.0, 40559.0)	(29.0, 46644.0)	(30.0, 57331.0)	(31.0, 68032.0)	(32.0, 88218.0)	(33.0, 112836.0)	(34.0, 161868.0)	(35.0, 240979.0)	(36.0, 415662.0)	(37.0, 748448.0)	(38.0, 1853741.0)	(39.0, 7330464.0)	(40.0, 2129699.0)	
Tube4_Cort_22YMFCLT3_TATAGGTACT-TAGGTGAGAT_L002_R1	(16.0, 36.0)	(17.0, 469.0)	(18.0, 3520.0)	(19.0, 10461.0)	(20.0, 21353.0)	(21.0, 28572.0)	(22.0, 30944.0)	(23.0, 31429.0)	(24.0, 34975.0)	(25.0, 37696.0)	(26.0, 43400.0)	(27.0, 49300.0)	(28.0, 61436.0)	(29.0, 75161.0)	(30.0, 104618.0)	(31.0, 149140.0)	(32.0, 240925.0)	(33.0, 244085.0)	(34.0, 207126.0)	(35.0, 289938.0)	(36.0, 477040.0)	(37.0, 792204.0)	(38.0, 1693769.0)	(39.0, 6713780.0)	(40.0, 2203914.0)				
Tube4_Cort_22YMFCLT3_TATAGGTACT-TAGGTGAGAT_L002_R2	(13.0, 4.0)	(14.0, 45.0)	(15.0, 227.0)	(16.0, 1344.0)	(17.0, 4644.0)	(18.0, 12167.0)	(19.0, 21094.0)	(20.0, 29085.0)	(21.0, 29893.0)	(22.0, 27347.0)	(23.0, 25718.0)	(24.0, 27483.0)	(25.0, 29571.0)	(26.0, 33602.0)	(27.0, 37350.0)	(28.0, 44404.0)	(29.0, 50582.0)	(30.0, 62184.0)	(31.0, 73045.0)	(32.0, 93868.0)	(33.0, 119947.0)	(34.0, 170141.0)	(35.0, 248614.0)	(36.0, 424539.0)	(37.0, 759175.0)	(38.0, 1851931.0)	(39.0, 7493651.0)	(40.0, 1873636.0)	
Tube4_Cort_22YMFCLT3_TATAGGTACT-TAGGTGAGAT_L003_R1	(16.0, 29.0)	(17.0, 475.0)	(18.0, 3541.0)	(19.0, 10947.0)	(20.0, 21747.0)	(21.0, 29433.0)	(22.0, 32129.0)	(23.0, 32429.0)	(24.0, 36427.0)	(25.0, 38655.0)	(26.0, 44773.0)	(27.0, 51268.0)	(28.0, 63779.0)	(29.0, 77570.0)	(30.0, 107109.0)	(31.0, 153840.0)	(32.0, 251158.0)	(33.0, 238705.0)	(34.0, 213680.0)	(35.0, 301684.0)	(36.0, 493203.0)	(37.0, 808543.0)	(38.0, 1689036.0)	(39.0, 6760766.0)	(40.0, 1969446.0)				
Tube4_Cort_22YMFCLT3_TATAGGTACT-TAGGTGAGAT_L003_R2	(12.0, 1.0)	(13.0, 10.0)	(14.0, 47.0)	(15.0, 268.0)	(16.0, 1506.0)	(17.0, 4833.0)	(18.0, 12659.0)	(19.0, 21674.0)	(20.0, 30309.0)	(21.0, 30816.0)	(22.0, 28374.0)	(23.0, 27142.0)	(24.0, 28766.0)	(25.0, 30689.0)	(26.0, 34918.0)	(27.0, 38653.0)	(28.0, 45777.0)	(29.0, 52469.0)	(30.0, 63749.0)	(31.0, 74382.0)	(32.0, 95756.0)	(33.0, 121719.0)	(34.0, 171935.0)	(35.0, 250531.0)	(36.0, 423977.0)	(37.0, 752666.0)	(38.0, 1801126.0)	(39.0, 7473962.0)	(40.0, 1811658.0)
Tube4_Cort_22YMFCLT3_TATAGGTACT-TAGGTGAGAT_L004_R1	(16.0, 23.0)	(17.0, 517.0)	(18.0, 3639.0)	(19.0, 10969.0)	(20.0, 22557.0)	(21.0, 29759.0)	(22.0, 32367.0)	(23.0, 32885.0)	(24.0, 36403.0)	(25.0, 39298.0)	(26.0, 45725.0)	(27.0, 51632.0)	(28.0, 64322.0)	(29.0, 78120.0)	(30.0, 106657.0)	(31.0, 157795.0)	(32.0, 258942.0)	(33.0, 215445.0)	(34.0, 209310.0)	(35.0, 296561.0)	(36.0, 488562.0)	(37.0, 805387.0)	(38.0, 1674303.0)	(39.0, 6698610.0)	(40.0, 1574160.0)				
Tube4_Cort_22YMFCLT3_TATAGGTACT-TAGGTGAGAT_L004_R2	(13.0, 6.0)	(14.0, 48.0)	(15.0, 240.0)	(16.0, 1348.0)	(17.0, 4646.0)	(18.0, 12342.0)	(19.0, 21589.0)	(20.0, 31378.0)	(21.0, 31867.0)	(22.0, 28906.0)	(23.0, 26941.0)	(24.0, 29532.0)	(25.0, 30646.0)	(26.0, 35015.0)	(27.0, 38842.0)	(28.0, 45881.0)	(29.0, 51961.0)	(30.0, 62836.0)	(31.0, 74885.0)	(32.0, 95920.0)	(33.0, 121120.0)	(34.0, 169876.0)	(35.0, 246921.0)	(36.0, 422008.0)	(37.0, 747097.0)	(38.0, 1773432.0)	(39.0, 7370039.0)	(40.0, 1458626.0)	
Tube4_Cort_22YMFCLT3_TATAGGTACT-TAGGTGAGAT_L005_R1	(15.0, 1.0)	(16.0, 33.0)	(17.0, 467.0)	(18.0, 3543.0)	(19.0, 11055.0)	(20.0, 23439.0)	(21.0, 31647.0)	(22.0, 34640.0)	(23.0, 35236.0)	(24.0, 38852.0)	(25.0, 41150.0)	(26.0, 47413.0)	(27.0, 53561.0)	(28.0, 65975.0)	(29.0, 79663.0)	(30.0, 109896.0)	(31.0, 164288.0)	(32.0, 259405.0)	(33.0, 204935.0)	(34.0, 208014.0)	(35.0, 291230.0)	(36.0, 470458.0)	(37.0, 769182.0)	(38.0, 1630649.0)	(39.0, 6526966.0)	(40.0, 1218650.0)			
Tube4_Cort_22YMFCLT3_TATAGGTACT-TAGGTGAGAT_L005_R2	(12.0, 2.0)	(13.0, 71.0)	(14.0, 267.0)	(15.0, 595.0)	(16.0, 1952.0)	(17.0, 5842.0)	(18.0, 14357.0)	(19.0, 25685.0)	(20.0, 38047.0)	(21.0, 39655.0)	(22.0, 36195.0)	(23.0, 33206.0)	(24.0, 35417.0)	(25.0, 37315.0)	(26.0, 41781.0)	(27.0, 45935.0)	(28.0, 53883.0)	(29.0, 60087.0)	(30.0, 73096.0)	(31.0, 85304.0)	(32.0, 107762.0)	(33.0, 134748.0)	(34.0, 186479.0)	(35.0, 265109.0)	(36.0, 439785.0)	(37.0, 770854.0)	(38.0, 1822216.0)	(39.0, 6919598.0)	(40.0, 1045105.0)
Tube4_Cort_22YMFCLT3_TATAGGTACT-TAGGTGAGAT_L006_R1	(15.0, 1.0)	(16.0, 16.0)	(17.0, 450.0)	(18.0, 3562.0)	(19.0, 11202.0)	(20.0, 23971.0)	(21.0, 33508.0)	(22.0, 36032.0)	(23.0, 36204.0)	(24.0, 39286.0)	(25.0, 41549.0)	(26.0, 48012.0)	(27.0, 54084.0)	(28.0, 65519.0)	(29.0, 79120.0)	(30.0, 108098.0)	(31.0, 162208.0)	(32.0, 259390.0)	(33.0, 201300.0)	(34.0, 196958.0)	(35.0, 275389.0)	(36.0, 447537.0)	(37.0, 735657.0)	(38.0, 1563585.0)	(39.0, 6576078.0)	(40.0, 1363872.0)			
Tube4_Cort_22YMFCLT3_TATAGGTACT-TAGGTGAGAT_L006_R2	(12.0, 1.0)	(13.0, 37.0)	(14.0, 136.0)	(15.0, 346.0)	(16.0, 1432.0)	(17.0, 4821.0)	(18.0, 12805.0)	(19.0, 23799.0)	(20.0, 36299.0)	(21.0, 39579.0)	(22.0, 36064.0)	(23.0, 32561.0)	(24.0, 34256.0)	(25.0, 35624.0)	(26.0, 39930.0)	(27.0, 43726.0)	(28.0, 50789.0)	(29.0, 57761.0)	(30.0, 68027.0)	(31.0, 79008.0)	(32.0, 99855.0)	(33.0, 123668.0)	(34.0, 169656.0)	(35.0, 238685.0)	(36.0, 396627.0)	(37.0, 694298.0)	(38.0, 1661946.0)	(39.0, 7072791.0)	(40.0, 1308061.0)
Tube4_Cort_22YMFCLT3_TATAGGTACT-TAGGTGAGAT_L007_R1	(16.0, 25.0)	(17.0, 364.0)	(18.0, 2729.0)	(19.0, 8288.0)	(20.0, 16768.0)	(21.0, 22358.0)	(22.0, 24451.0)	(23.0, 24576.0)	(24.0, 27686.0)	(25.0, 29865.0)	(26.0, 34408.0)	(27.0, 38787.0)	(28.0, 48059.0)	(29.0, 58566.0)	(30.0, 82007.0)	(31.0, 127845.0)	(32.0, 222036.0)	(33.0, 171040.0)	(34.0, 158200.0)	(35.0, 225430.0)	(36.0, 380326.0)	(37.0, 646427.0)	(38.0, 1388995.0)	(39.0, 6339668.0)	(40.0, 1588992.0)				
Tube4_Cort_22YMFCLT3_TATAGGTACT-TAGGTGAGAT_L007_R2	(12.0, 1.0)	(13.0, 95.0)	(14.0, 247.0)	(15.0, 434.0)	(16.0, 1367.0)	(17.0, 4559.0)	(18.0, 11442.0)	(19.0, 20450.0)	(20.0, 29914.0)	(21.0, 30465.0)	(22.0, 27854.0)	(23.0, 25235.0)	(24.0, 27094.0)	(25.0, 28396.0)	(26.0, 31747.0)	(27.0, 35215.0)	(28.0, 40716.0)	(29.0, 46523.0)	(30.0, 56042.0)	(31.0, 65730.0)	(32.0, 83443.0)	(33.0, 105087.0)	(34.0, 146799.0)	(35.0, 209361.0)	(36.0, 358238.0)	(37.0, 653948.0)	(38.0, 1580237.0)	(39.0, 6777461.0)	(40.0, 1269796.0)
Tube4_Cort_22YMFCLT3_TATAGGTACT-TAGGTGAGAT_L008_R1	(16.0, 33.0)	(17.0, 483.0)	(18.0, 3317.0)	(19.0, 10096.0)	(20.0, 20279.0)	(21.0, 26812.0)	(22.0, 28731.0)	(23.0, 28822.0)	(24.0, 31768.0)	(25.0, 33531.0)	(26.0, 38331.0)	(27.0, 43347.0)	(28.0, 52657.0)	(29.0, 63902.0)	(30.0, 89183.0)	(31.0, 138472.0)	(32.0, 253647.0)	(33.0, 205897.0)	(34.0, 172836.0)	(35.0, 242335.0)	(36.0, 406132.0)	(37.0, 683628.0)	(38.0, 1458028.0)	(39.0, 6790574.0)	(40.0, 1976637.0)				
Tube4_Cort_22YMFCLT3_TATAGGTACT-TAGGTGAGAT_L008_R2	(13.0, 13.0)	(14.0, 78.0)	(15.0, 268.0)	(16.0, 1185.0)	(17.0, 4334.0)	(18.0, 11607.0)	(19.0, 20459.0)	(20.0, 28851.0)	(21.0, 30116.0)	(22.0, 27961.0)	(23.0, 26049.0)	(24.0, 27359.0)	(25.0, 29188.0)	(26.0, 32663.0)	(27.0, 35358.0)	(28.0, 41539.0)	(29.0, 46534.0)	(30.0, 56263.0)	(31.0, 65329.0)	(32.0, 82702.0)	(33.0, 104086.0)	(34.0, 142831.0)	(35.0, 207406.0)	(36.0, 355053.0)	(37.0, 642785.0)	(38.0, 1545430.0)	(39.0, 7388604.0)	(40.0, 1845427.0)	
