Sample	0	1	2	3	4	5	6	7	8	9	10	11	12	13	14	15
260_Cort_22YMFCLT3_AGAATTCGCC-CGGCAAGCTC_L001_R1	(1.0, 38.62813547511738)	(2.0, 19.228524187285863)	(3.0, 9.192835046641592)	(4.0, 4.74511562916637)	(5.0, 2.8198050580895413)	(6.0, 1.9251219895564546)	(7.0, 1.343824913149561)	(8.0, 1.0825211253774853)	(9.0, 0.8595029618405856)	('>10', 8.283784304578113)	('>50', 2.2259273367180157)	('>100', 3.94871596104215)	('>500', 1.1293537919980214)	('>1k', 1.7875435253124135)	('>5k', 0.4076456749974851)	('>10k+', 2.3916430191289515)
260_Cort_22YMFCLT3_AGAATTCGCC-CGGCAAGCTC_L001_R2	(1.0, 43.95521728643369)	(2.0, 20.68928569161766)	(3.0, 9.111248442093988)	(4.0, 4.301260971325183)	(5.0, 2.2514106411952275)	(6.0, 1.357644558373221)	(7.0, 1.0400199742018439)	(8.0, 0.7399125996118183)	(9.0, 0.5972995578285869)	('>10', 6.016809286911181)	('>50', 1.9293042170134764)	('>100', 3.706591172514612)	('>500', 0.8475622604558207)	('>1k', 1.01347300078504)	('>5k', 0.11394875125190645)	('>10k+', 2.3290115883868645)
260_Cort_22YMFCLT3_AGAATTCGCC-CGGCAAGCTC_L002_R1	(1.0, 41.53600627648754)	(2.0, 17.854427457448114)	(3.0, 8.549879378214936)	(4.0, 4.557113847992909)	(5.0, 2.7233061863178354)	(6.0, 1.8408505291816826)	(7.0, 1.3843189919894974)	(8.0, 1.0856293207081946)	(9.0, 0.8750418644245681)	('>10', 8.06779028316126)	('>50', 2.0977249897950374)	('>100', 3.844835499590328)	('>500', 1.1222647551666294)	('>1k', 1.7481102390634828)	('>5k', 0.40115845305945896)	('>10k+', 2.3115419273986113)
260_Cort_22YMFCLT3_AGAATTCGCC-CGGCAAGCTC_L002_R2	(1.0, 47.62737017218818)	(2.0, 19.173263467827184)	(3.0, 8.464980786571513)	(4.0, 3.9098748979884177)	(5.0, 2.1897041341546517)	(6.0, 1.340035350519562)	(7.0, 0.9468921995870324)	(8.0, 0.7200118550300222)	(9.0, 0.5585937765413009)	('>10', 5.589852632242439)	('>50', 1.7232242540412728)	('>100', 3.5807925013802167)	('>500', 0.8260287878469512)	('>1k', 0.9602186902347739)	('>5k', 0.14617757116057292)	('>10k+', 2.242978922685862)
260_Cort_22YMFCLT3_AGAATTCGCC-CGGCAAGCTC_L003_R1	(1.0, 42.869127115046865)	(2.0, 17.685484068122427)	(3.0, 8.338683901378605)	(4.0, 4.432560676053487)	(5.0, 2.544340209180638)	(6.0, 1.7870276026427403)	(7.0, 1.3513214211364553)	(8.0, 1.0268139046183606)	(9.0, 0.8619769982992934)	('>10', 7.705309247758928)	('>50', 2.0048983300183925)	('>100', 3.8645374189050727)	('>500', 1.1142481712985637)	('>1k', 1.7022139476599765)	('>5k', 0.3984159332805076)	('>10k+', 2.3130410545997586)
260_Cort_22YMFCLT3_AGAATTCGCC-CGGCAAGCTC_L003_R2	(1.0, 46.725588200447795)	(2.0, 19.48659869334086)	(3.0, 8.738859199329427)	(4.0, 4.007288734849712)	(5.0, 2.1837672468550244)	(6.0, 1.3147007540211773)	(7.0, 0.9274228247493019)	(8.0, 0.6958300918116747)	(9.0, 0.5986972768698265)	('>10', 5.807808179843064)	('>50', 1.732048764509718)	('>100', 3.5549919546834396)	('>500', 0.852507152473966)	('>1k', 0.968400778406898)	('>5k', 0.14512829854014936)	('>10k+', 2.2603618492680466)
260_Cort_22YMFCLT3_AGAATTCGCC-CGGCAAGCTC_L004_R1	(1.0, 43.208783394186156)	(2.0, 17.871789841313547)	(3.0, 8.216250887943295)	(4.0, 4.313219623226433)	(5.0, 2.4622720781683505)	(6.0, 1.767928307850962)	(7.0, 1.320801001290028)	(8.0, 1.0374190128637744)	(9.0, 0.8820303988879394)	('>10', 7.66161278392988)	('>50', 2.0550677418214236)	('>100', 3.7624560563863048)	('>500', 1.0560082203960994)	('>1k', 1.705409860606515)	('>5k', 0.32252761155811727)	('>10k+', 2.356423179571148)
260_Cort_22YMFCLT3_AGAATTCGCC-CGGCAAGCTC_L004_R2	(1.0, 47.207210331180185)	(2.0, 19.847949554538776)	(3.0, 8.396307643075383)	(4.0, 3.7559867870677457)	(5.0, 2.0693964320306004)	(6.0, 1.3363990489273097)	(7.0, 0.9291190002502413)	(8.0, 0.7089503320447595)	(9.0, 0.5436790072424923)	('>10', 5.699522018654367)	('>50', 1.8225086420590557)	('>100', 3.539864092564745)	('>500', 0.7983981256693591)	('>1k', 0.9309759335578474)	('>5k', 0.10763896292225568)	('>10k+', 2.3060940882149503)
260_Cort_22YMFCLT3_AGAATTCGCC-CGGCAAGCTC_L005_R1	(1.0, 44.25226437071624)	(2.0, 17.88584489735782)	(3.0, 7.950164924547442)	(4.0, 4.003551949312166)	(5.0, 2.478398434587629)	(6.0, 1.6682986243733802)	(7.0, 1.3027408224742134)	(8.0, 0.9792970861340612)	(9.0, 0.8140012993513327)	('>10', 7.593009823582615)	('>50', 2.068035334175082)	('>100', 3.693799864492576)	('>500', 1.0578661049446978)	('>1k', 1.6250540860605998)	('>5k', 0.27763608017596986)	('>10k+', 2.3500362977142886)
260_Cort_22YMFCLT3_AGAATTCGCC-CGGCAAGCTC_L005_R2	(1.0, 48.87483517437077)	(2.0, 19.520846671627236)	(3.0, 7.859753446791401)	(4.0, 3.6356635520866507)	(5.0, 1.9917792811984403)	(6.0, 1.256584063757986)	(7.0, 0.8717909999702317)	(8.0, 0.7477430675431099)	(9.0, 0.5301179260655459)	('>10', 5.624246295510141)	('>50', 1.7728006796090017)	('>100', 3.3279313129130563)	('>500', 0.7838869512228799)	('>1k', 0.8619047309807469)	('>5k', 0.06749042253620259)	('>10k+', 2.272625423816587)
260_Cort_22YMFCLT3_AGAATTCGCC-CGGCAAGCTC_L006_R1	(1.0, 47.89604976408638)	(2.0, 16.620312163630384)	(3.0, 7.453519672431201)	(4.0, 3.7893505022007403)	(5.0, 2.248193247601347)	(6.0, 1.5710268187085084)	(7.0, 1.1537548989487687)	(8.0, 0.9173928033173018)	(9.0, 0.7445660435265505)	('>10', 7.029167519048377)	('>50', 1.8693396733723537)	('>100', 3.551143533640661)	('>500', 0.9901450564102148)	('>1k', 1.5991907974747668)	('>5k', 0.2750366749550103)	('>10k+', 2.29181083064728)
260_Cort_22YMFCLT3_AGAATTCGCC-CGGCAAGCTC_L006_R2	(1.0, 51.33252814398666)	(2.0, 18.44951902670822)	(3.0, 7.4856210695132885)	(4.0, 3.4200533464579492)	(5.0, 1.803412956675578)	(6.0, 1.1297543710302587)	(7.0, 0.8455424044600982)	(8.0, 0.6847845568405138)	(9.0, 0.5207592606995091)	('>10', 5.288330655687494)	('>50', 1.7521430338098318)	('>100', 3.309510628096759)	('>500', 0.7525065618777644)	('>1k', 0.8869192045472599)	('>5k', 0.06802427888725)	('>10k+', 2.270590500721727)
260_Cort_22YMFCLT3_AGAATTCGCC-CGGCAAGCTC_L007_R1	(1.0, 46.45383497671992)	(2.0, 16.846636345999457)	(3.0, 7.753017358083343)	(4.0, 4.031070151428411)	(5.0, 2.4657483252610715)	(6.0, 1.680601730081948)	(7.0, 1.2453796224206444)	(8.0, 0.9386907006096237)	(9.0, 0.7698984574062093)	('>10', 7.215527368199044)	('>50', 1.971053243848657)	('>100', 3.528715056490884)	('>500', 1.0581021040968808)	('>1k', 1.5674737935692689)	('>5k', 0.2767246546266089)	('>10k+', 2.1975261111579103)
260_Cort_22YMFCLT3_AGAATTCGCC-CGGCAAGCTC_L007_R2	(1.0, 50.61951076596344)	(2.0, 18.664124675551918)	(3.0, 7.743740127992208)	(4.0, 3.595072193240655)	(5.0, 1.89822855474629)	(6.0, 1.2551666941958468)	(7.0, 0.8740567376703136)	(8.0, 0.7034875967111656)	(9.0, 0.5178414781743558)	('>10', 5.320653185053708)	('>50', 1.7918863310584083)	('>100', 3.328927396283462)	('>500', 0.6996767803485531)	('>1k', 0.814753274121543)	('>5k', 0.06856502312952074)	('>10k+', 2.104309185758459)
260_Cort_22YMFCLT3_AGAATTCGCC-CGGCAAGCTC_L008_R1	(1.0, 45.994305566531466)	(2.0, 17.069738953815143)	(3.0, 7.7642005232013895)	(4.0, 3.9603256335162103)	(5.0, 2.472694443227009)	(6.0, 1.5981334808380159)	(7.0, 1.2277298802016856)	(8.0, 0.9373171024109952)	(9.0, 0.8056221286299612)	('>10', 7.351398084825245)	('>50', 1.9551155007558372)	('>100', 3.613589254771833)	('>500', 1.0227618916408574)	('>1k', 1.6508743282625602)	('>5k', 0.2789359889298386)	('>10k+', 2.297257238441993)
260_Cort_22YMFCLT3_AGAATTCGCC-CGGCAAGCTC_L008_R2	(1.0, 49.52963421327694)	(2.0, 18.90285978879891)	(3.0, 7.913723707548762)	(4.0, 3.582381479808484)	(5.0, 1.9391537682689184)	(6.0, 1.2831195208145139)	(7.0, 0.8623851198200992)	(8.0, 0.6951962758002442)	(9.0, 0.5131568738393653)	('>10', 5.600672914913405)	('>50', 1.7189819414423164)	('>100', 3.39209524643881)	('>500', 0.7704703860501338)	('>1k', 0.9103723703408053)	('>5k', 0.10807956068953958)	('>10k+', 2.277716832148841)
985_Cort_22YMFCLT3_TATCACTCTG-AACGTTACAT_L001_R1	(1.0, 38.574905868963036)	(2.0, 20.597179984124413)	(3.0, 10.224718162653065)	(4.0, 5.359717638075784)	(5.0, 3.2184931191379613)	(6.0, 2.126305691019472)	(7.0, 1.494643651509036)	(8.0, 1.1474181544023057)	(9.0, 0.8904890591756632)	('>10', 7.876575249934459)	('>50', 1.9383018500541855)	('>100', 3.075209957630334)	('>500', 0.8799751310809067)	('>1k', 1.0227138430201042)	('>5k', 0.18108160020013794)	('>10k+', 1.3922710390191033)
985_Cort_22YMFCLT3_TATCACTCTG-AACGTTACAT_L001_R2	(1.0, 44.78290814150363)	(2.0, 22.55944533345393)	(3.0, 9.929305992601085)	(4.0, 4.728973130939644)	(5.0, 2.381603102151958)	(6.0, 1.3937929457895084)	(7.0, 1.0105208497059628)	(8.0, 0.7321864602720201)	(9.0, 0.5834978678779338)	('>10', 5.43578845979343)	('>50', 1.516489027666525)	('>100', 2.4544588978507202)	('>500', 0.5642290319389083)	('>1k', 0.35693858367775405)	('>5k', 0.04485223578136952)	('>10k+', 1.5250099389956828)
985_Cort_22YMFCLT3_TATCACTCTG-AACGTTACAT_L002_R1	(1.0, 41.64583703165528)	(2.0, 19.650661045163883)	(3.0, 9.540967771141089)	(4.0, 5.02751312291042)	(5.0, 2.929298095922429)	(6.0, 1.973282608275381)	(7.0, 1.4568687159642706)	(8.0, 1.048752763067513)	(9.0, 0.9051843676412578)	('>10', 7.679220824856491)	('>50', 1.8542226627552048)	('>100', 2.943685332593391)	('>500', 0.8223000218626068)	('>1k', 1.0011544146482265)	('>5k', 0.1740080976502999)	('>10k+', 1.3470431238923193)
985_Cort_22YMFCLT3_TATCACTCTG-AACGTTACAT_L002_R2	(1.0, 49.004051156624726)	(2.0, 20.568561792204644)	(3.0, 9.145621079745794)	(4.0, 4.276009496515572)	(5.0, 2.257623125294392)	(6.0, 1.2925115879409186)	(7.0, 0.9451701210285192)	(8.0, 0.6993446019257772)	(9.0, 0.5196991499500341)	('>10', 5.120214043539008)	('>50', 1.4412826556155482)	('>100', 2.334325217433084)	('>500', 0.5347813399436635)	('>1k', 0.3422133096900326)	('>5k', 0.11035102773987723)	('>10k+', 1.4082402948084711)
985_Cort_22YMFCLT3_TATCACTCTG-AACGTTACAT_L003_R1	(1.0, 42.58009557345945)	(2.0, 19.495130399288406)	(3.0, 9.484254120305433)	(4.0, 4.965069543042487)	(5.0, 2.912720625182321)	(6.0, 1.9568112110048541)	(7.0, 1.362852993883875)	(8.0, 1.0313734878777885)	(9.0, 0.9167278482461189)	('>10', 7.256961209111785)	('>50', 1.761570997021865)	('>100', 2.966325537057047)	('>500', 0.8068978182876833)	('>1k', 0.9792602371307789)	('>5k', 0.17288987677866854)	('>10k+', 1.3510585223213953)
985_Cort_22YMFCLT3_TATCACTCTG-AACGTTACAT_L003_R2	(1.0, 48.180373182655465)	(2.0, 21.028354971891623)	(3.0, 9.324859087403722)	(4.0, 4.233179557140773)	(5.0, 2.3866599950265113)	(6.0, 1.4201348524413977)	(7.0, 0.9031964583655048)	(8.0, 0.6591979931428069)	(9.0, 0.5650579643348739)	('>10', 5.172571225163792)	('>50', 1.4314533280079906)	('>100', 2.2884230424689593)	('>500', 0.5324516869061398)	('>1k', 0.34399662722165547)	('>5k', 0.11111925559763988)	('>10k+', 1.4189707722311298)
985_Cort_22YMFCLT3_TATCACTCTG-AACGTTACAT_L004_R1	(1.0, 43.39119127195191)	(2.0, 19.55985936599581)	(3.0, 9.309725390179942)	(4.0, 4.741399207543587)	(5.0, 2.748756851702923)	(6.0, 1.8086387194885662)	(7.0, 1.358655518581821)	(8.0, 1.027145658230757)	(9.0, 0.7727443063749171)	('>10', 7.3348189269248865)	('>50', 1.7325056654328213)	('>100', 2.9242683791020028)	('>500', 0.8244162188048394)	('>1k', 0.9439926213317583)	('>5k', 0.1375348814249008)	('>10k+', 1.3843470169284389)
985_Cort_22YMFCLT3_TATCACTCTG-AACGTTACAT_L004_R2	(1.0, 48.451683009579526)	(2.0, 21.390747642887487)	(3.0, 9.180380484318691)	(4.0, 4.181665148069722)	(5.0, 2.1791270677849166)	(6.0, 1.2343646434947717)	(7.0, 0.9524111497793283)	(8.0, 0.6310636272541856)	(9.0, 0.5447308568116591)	('>10', 5.1626102987514875)	('>50', 1.413981225681671)	('>100', 2.286149738256274)	('>500', 0.5112370405636321)	('>1k', 0.31256898540320965)	('>5k', 0.11035174551408851)	('>10k+', 1.4569273358493922)
985_Cort_22YMFCLT3_TATCACTCTG-AACGTTACAT_L005_R1	(1.0, 44.419524067985726)	(2.0, 19.662776410562294)	(3.0, 8.95815604306504)	(4.0, 4.614443161597278)	(5.0, 2.6941967523621257)	(6.0, 1.7717097137720812)	(7.0, 1.3045028043616862)	(8.0, 0.9974463596408519)	(9.0, 0.7745857958690637)	('>10', 7.1082857124827985)	('>50', 1.696470018503773)	('>100', 2.850094890474166)	('>500', 0.7481498731566023)	('>1k', 0.8784884395413626)	('>5k', 0.13509487897191022)	('>10k+', 1.3860750776531707)
985_Cort_22YMFCLT3_TATCACTCTG-AACGTTACAT_L005_R2	(1.0, 50.245556490368024)	(2.0, 21.180381011896255)	(3.0, 8.732157722362118)	(4.0, 3.8122465945330033)	(5.0, 1.8760032754156077)	(6.0, 1.244728154563065)	(7.0, 0.8418181847244071)	(8.0, 0.6394361046453326)	(9.0, 0.4878285938081965)	('>10', 5.061760107811)	('>50', 1.4526871600603042)	('>100', 2.119203926890496)	('>500', 0.46150038817174216)	('>1k', 0.30358201317202305)	('>5k', 0.10452969312913275)	('>10k+', 1.436580578449422)
985_Cort_22YMFCLT3_TATCACTCTG-AACGTTACAT_L006_R1	(1.0, 47.40214725540607)	(2.0, 18.49211599883939)	(3.0, 8.437180905052632)	(4.0, 4.285017510079788)	(5.0, 2.478555703227971)	(6.0, 1.6381512747557374)	(7.0, 1.2313853193730864)	(8.0, 0.9787785284657223)	(9.0, 0.7836752521218411)	('>10', 6.771339251663893)	('>50', 1.6934777834633992)	('>100', 2.743760316382853)	('>500', 0.7496174491910812)	('>1k', 0.8808383116687258)	('>5k', 0.09677363444934675)	('>10k+', 1.3371855058586557)
985_Cort_22YMFCLT3_TATCACTCTG-AACGTTACAT_L006_R2	(1.0, 52.24417627268366)	(2.0, 20.127848848823113)	(3.0, 8.254770045463067)	(4.0, 3.6428513505453175)	(5.0, 1.879896377125899)	(6.0, 1.221867518829556)	(7.0, 0.8509900138599874)	(8.0, 0.616048503596237)	(9.0, 0.5087232013688642)	('>10', 4.844182142005743)	('>50', 1.3981920542140402)	('>100', 2.099142497197779)	('>500', 0.4734201060382263)	('>1k', 0.30891604378700716)	('>5k', 0.10802367286560069)	('>10k+', 1.420951351595909)
985_Cort_22YMFCLT3_TATCACTCTG-AACGTTACAT_L007_R1	(1.0, 46.5133295872846)	(2.0, 18.60223087483857)	(3.0, 8.592454189777971)	(4.0, 4.528458586377881)	(5.0, 2.630003790408308)	(6.0, 1.7987583869955475)	(7.0, 1.1550786161647395)	(8.0, 0.9684531289882892)	(9.0, 0.7802741061809938)	('>10', 6.916748299378546)	('>50', 1.6598222991065676)	('>100', 2.856864204195185)	('>500', 0.727913469771661)	('>1k', 0.9185638047802551)	('>5k', 0.062276038898114144)	('>10k+', 1.288770616852727)
985_Cort_22YMFCLT3_TATCACTCTG-AACGTTACAT_L007_R2	(1.0, 52.06074310274804)	(2.0, 20.07967398120896)	(3.0, 8.39866308352281)	(4.0, 3.820390347923001)	(5.0, 2.0046882124375767)	(6.0, 1.2143442364487342)	(7.0, 0.8527953875444949)	(8.0, 0.6382371436436912)	(9.0, 0.4536214096075934)	('>10', 4.847068599824449)	('>50', 1.409726441699441)	('>100', 2.064431832603323)	('>500', 0.4733853804674333)	('>1k', 0.26572769760465087)	('>5k', 0.1074108997761319)	('>10k+', 1.3090922429396543)
985_Cort_22YMFCLT3_TATCACTCTG-AACGTTACAT_L008_R1	(1.0, 45.25341664988672)	(2.0, 18.859749690661637)	(3.0, 8.977513415757993)	(4.0, 4.610482159477957)	(5.0, 2.5998600490603847)	(6.0, 1.814056824448772)	(7.0, 1.2869046070900507)	(8.0, 0.9980640768033171)	(9.0, 0.7741716200397928)	('>10', 7.100056379807117)	('>50', 1.7394203874383567)	('>100', 2.790441423007565)	('>500', 0.8221467206545728)	('>1k', 0.8953772113193488)	('>5k', 0.13554667162626313)	('>10k+', 1.3427921129201321)
985_Cort_22YMFCLT3_TATCACTCTG-AACGTTACAT_L008_R2	(1.0, 50.35934892349301)	(2.0, 20.62945252845325)	(3.0, 8.775847683928367)	(4.0, 3.952351183376572)	(5.0, 1.9746762950942625)	(6.0, 1.2572245368403578)	(7.0, 0.8790671046114978)	(8.0, 0.684797664094983)	(9.0, 0.5502316024645708)	('>10', 4.986511391761881)	('>50', 1.3805818104745433)	('>100', 2.212652504404943)	('>500', 0.5103493513802115)	('>1k', 0.31641262415394317)	('>5k', 0.10952825725446935)	('>10k+', 1.420966538213059)
Tube1_Cort_22YMFCLT3_CCTGACCACT-TCTTGGCTAT_L001_R1	(1.0, 24.870871632586525)	(2.0, 15.313004054158242)	(3.0, 9.350903690404795)	(4.0, 5.7574885215639915)	(5.0, 3.704420618518907)	(6.0, 2.7711088696720254)	(7.0, 2.2027555085554478)	(8.0, 1.7915162616946656)	(9.0, 1.537461482416548)	('>10', 15.395867707575379)	('>50', 3.9156879665180977)	('>100', 6.624222109692779)	('>500', 1.969129042806138)	('>1k', 2.5654775524227578)	('>5k', 1.0442860983569284)	('>10k+', 1.185798883056587)
Tube1_Cort_22YMFCLT3_CCTGACCACT-TCTTGGCTAT_L001_R2	(1.0, 29.413753199574423)	(2.0, 17.89325704725657)	(3.0, 10.604808900294259)	(4.0, 6.038436932076217)	(5.0, 3.9508892296753038)	(6.0, 2.6810456481488156)	(7.0, 1.9550317349335502)	(8.0, 1.5489873328256991)	(9.0, 1.198989929766437)	('>10', 11.6793651278609)	('>50', 3.0126091279972096)	('>100', 5.414474081843556)	('>500', 1.7201408338219089)	('>1k', 1.7409020538040991)	('>5k', 0.11790394211548612)	('>10k+', 1.0294048780054796)
Tube1_Cort_22YMFCLT3_CCTGACCACT-TCTTGGCTAT_L002_R1	(1.0, 28.244178289977746)	(2.0, 14.930753941146632)	(3.0, 8.634159497685275)	(4.0, 5.33988062971967)	(5.0, 3.604505254101746)	(6.0, 2.6441962103513448)	(7.0, 2.0464325981490994)	(8.0, 1.6964880786227998)	(9.0, 1.4468309247582738)	('>10', 14.854408217626435)	('>50', 3.674331528292258)	('>100', 6.341798122791298)	('>500', 1.9147952312466188)	('>1k', 2.4575201874455668)	('>5k', 0.952884467372987)	('>10k+', 1.2168368207120877)
Tube1_Cort_22YMFCLT3_CCTGACCACT-TCTTGGCTAT_L002_R2	(1.0, 34.13760927967851)	(2.0, 16.985371355674033)	(3.0, 9.761187988426963)	(4.0, 5.65678336676454)	(5.0, 3.566750775110251)	(6.0, 2.4333074485831037)	(7.0, 1.772745669022244)	(8.0, 1.425889292336946)	(9.0, 1.152852718617056)	('>10', 10.658248235319663)	('>50', 2.8287595301667485)	('>100', 5.158221100550756)	('>500', 1.6444208997867755)	('>1k', 1.7396379996664966)	('>5k', 0.0802672187817987)	('>10k+', 0.9979471215139355)
Tube1_Cort_22YMFCLT3_CCTGACCACT-TCTTGGCTAT_L003_R1	(1.0, 28.79847900160325)	(2.0, 14.804530849147678)	(3.0, 8.770898927331539)	(4.0, 5.206125863882344)	(5.0, 3.4836817442990915)	(6.0, 2.6179732701968343)	(7.0, 2.031544370107122)	(8.0, 1.6895300457238887)	(9.0, 1.4716405650843)	('>10', 14.646789554108974)	('>50', 3.687878594969516)	('>100', 6.349582026551895)	('>500', 1.8171822053281963)	('>1k', 2.4475346247504732)	('>5k', 1.0191429527623352)	('>10k+', 1.1574854041525768)
Tube1_Cort_22YMFCLT3_CCTGACCACT-TCTTGGCTAT_L003_R2	(1.0, 32.5495866565452)	(2.0, 17.42253929048337)	(3.0, 9.978225670435483)	(4.0, 5.770678594476532)	(5.0, 3.626075244275453)	(6.0, 2.575306020083505)	(7.0, 1.875825548115241)	(8.0, 1.4828193269191972)	(9.0, 1.189573903750662)	('>10', 10.966429450510013)	('>50', 2.945884419388137)	('>100', 5.21505511134379)	('>500', 1.6121340233837427)	('>1k', 1.703264410991053)	('>5k', 0.08086840147910176)	('>10k+', 1.005733927819413)
Tube1_Cort_22YMFCLT3_CCTGACCACT-TCTTGGCTAT_L004_R1	(1.0, 29.29214171396362)	(2.0, 15.023307826571267)	(3.0, 8.773823003202605)	(4.0, 5.303522526369775)	(5.0, 3.4857865938745345)	(6.0, 2.5919168511488526)	(7.0, 2.0590331014518046)	(8.0, 1.6656960176160838)	(9.0, 1.3514458939718461)	('>10', 14.362085548340792)	('>50', 3.573579592253079)	('>100', 6.195038328399047)	('>500', 1.8037073758396625)	('>1k', 2.5026170085740254)	('>5k', 0.9093554863443777)	('>10k+', 1.1069431320786418)
Tube1_Cort_22YMFCLT3_CCTGACCACT-TCTTGGCTAT_L004_R2	(1.0, 32.9033239947415)	(2.0, 17.577155949895364)	(3.0, 10.138856356362266)	(4.0, 5.677107900770721)	(5.0, 3.606579695211403)	(6.0, 2.4405353275743993)	(7.0, 1.8263129579298056)	(8.0, 1.438543543197579)	(9.0, 1.1600380063234246)	('>10', 10.892679389428487)	('>50', 2.865092074178498)	('>100', 5.140258583823764)	('>500', 1.6007201982358361)	('>1k', 1.6575256848487276)	('>5k', 0.04570952446370281)	('>10k+', 1.0295608130145213)
Tube1_Cort_22YMFCLT3_CCTGACCACT-TCTTGGCTAT_L005_R1	(1.0, 29.931048816055895)	(2.0, 15.508844823011577)	(3.0, 8.622406021678577)	(4.0, 5.075633961982391)	(5.0, 3.5302929445375995)	(6.0, 2.582679329485593)	(7.0, 1.9546592896088326)	(8.0, 1.6831972661480559)	(9.0, 1.4158503551531305)	('>10', 14.014684681775133)	('>50', 3.5564237627504482)	('>100', 6.120321153109402)	('>500', 1.736844722652352)	('>1k', 2.322734456201778)	('>5k', 0.8533095079621809)	('>10k+', 1.0910689078871698)
Tube1_Cort_22YMFCLT3_CCTGACCACT-TCTTGGCTAT_L005_R2	(1.0, 34.19392381230048)	(2.0, 18.25966807565053)	(3.0, 9.68380590965399)	(4.0, 5.456681988178359)	(5.0, 3.3882377570064244)	(6.0, 2.4025497919923424)	(7.0, 1.7765260102154707)	(8.0, 1.2945810556829604)	(9.0, 1.08933534954085)	('>10', 10.668844688716318)	('>50', 2.7863651017085824)	('>100', 4.972322137879447)	('>500', 1.4512837303908157)	('>1k', 1.5236347316100955)	('>5k', 0.045055858684378655)	('>10k+', 1.007184000788923)
Tube1_Cort_22YMFCLT3_CCTGACCACT-TCTTGGCTAT_L006_R1	(1.0, 33.749322951691745)	(2.0, 14.512467711324861)	(3.0, 8.119065606996646)	(4.0, 4.877363247789229)	(5.0, 3.2676434429833603)	(6.0, 2.318866382554562)	(7.0, 1.967896654624349)	(8.0, 1.5570517977390448)	(9.0, 1.312524080801728)	('>10', 13.218007906765648)	('>50', 3.446729703252983)	('>100', 5.844957345546068)	('>500', 1.6259714298752752)	('>1k', 2.361910263579754)	('>5k', 0.7638982915647029)	('>10k+', 1.0563231829099922)
Tube1_Cort_22YMFCLT3_CCTGACCACT-TCTTGGCTAT_L006_R2	(1.0, 36.94332354845878)	(2.0, 17.107005338699597)	(3.0, 9.398012751519344)	(4.0, 5.269284731954044)	(5.0, 3.2306320423448915)	(6.0, 2.2958809636594695)	(7.0, 1.6494019411031613)	(8.0, 1.2559173621361037)	(9.0, 1.06436090097389)	('>10', 10.237664727606006)	('>50', 2.6740936338606023)	('>100', 4.8363801676198825)	('>500', 1.4658248462757706)	('>1k', 1.5292216073462637)	('>5k', 0.044417925664120506)	('>10k+', 0.9985775107781579)
Tube1_Cort_22YMFCLT3_CCTGACCACT-TCTTGGCTAT_L007_R1	(1.0, 32.6516392721268)	(2.0, 14.810733682116645)	(3.0, 8.12870885079822)	(4.0, 4.981519085949078)	(5.0, 3.3239966238567185)	(6.0, 2.465225624402024)	(7.0, 1.9681368803151689)	(8.0, 1.6360608724222954)	(9.0, 1.2264770403773246)	('>10', 13.500108781519787)	('>50', 3.506613538805884)	('>100', 5.952468951937034)	('>500', 1.733690507722123)	('>1k', 2.3776104458436977)	('>5k', 0.7030465129636871)	('>10k+', 1.0339633288434795)
Tube1_Cort_22YMFCLT3_CCTGACCACT-TCTTGGCTAT_L007_R2	(1.0, 36.8841567990502)	(2.0, 17.391612899938274)	(3.0, 9.30002180589469)	(4.0, 5.415197570301702)	(5.0, 3.34505849122818)	(6.0, 2.2424503826869344)	(7.0, 1.7426044812309571)	(8.0, 1.2933717787537027)	(9.0, 1.083853393413986)	('>10', 10.027054992779957)	('>50', 2.5862219615057356)	('>100', 4.8866099514828125)	('>500', 1.3815829309111662)	('>1k', 1.4317027064005106)	('>5k', 0.045307398657056096)	('>10k+', 0.943192455764027)
Tube1_Cort_22YMFCLT3_CCTGACCACT-TCTTGGCTAT_L008_R1	(1.0, 32.12041255954027)	(2.0, 14.647288485490714)	(3.0, 8.11835791571124)	(4.0, 4.989714210350166)	(5.0, 3.418706545061545)	(6.0, 2.448561772916468)	(7.0, 2.0246020265022575)	(8.0, 1.565199813393672)	(9.0, 1.2747677908936672)	('>10', 13.751143390170025)	('>50', 3.4894020397825103)	('>100', 6.069475582185694)	('>500', 1.7639452928988708)	('>1k', 2.403299996804129)	('>5k', 0.8495081605967755)	('>10k+', 1.0656144177020008)
Tube1_Cort_22YMFCLT3_CCTGACCACT-TCTTGGCTAT_L008_R2	(1.0, 35.409041665540705)	(2.0, 17.28973037633122)	(3.0, 9.430832631319838)	(4.0, 5.364598401724161)	(5.0, 3.4448594689923144)	(6.0, 2.31575402861941)	(7.0, 1.7921364869676877)	(8.0, 1.3615487642987334)	(9.0, 1.0506549005100148)	('>10', 10.565160376091384)	('>50', 2.7643328580308957)	('>100', 5.023614269548988)	('>500', 1.4945182998770439)	('>1k', 1.6457432813914936)	('>5k', 0.04588937259894588)	('>10k+', 1.0015848181571199)
Tube2_Cort_22YMFCLT3_AGCTGGAATG-ACGGAATGCG_L001_R1	(1.0, 33.94931163407322)	(2.0, 18.827781593748995)	(3.0, 9.773945882871802)	(4.0, 5.596297501316791)	(5.0, 3.417390424737421)	(6.0, 2.3963472996205772)	(7.0, 1.8406617785546153)	(8.0, 1.445352471922616)	(9.0, 1.1825640501381949)	('>10', 11.753626417121392)	('>50', 2.792419796216233)	('>100', 4.21616446749172)	('>500', 0.9217788954670493)	('>1k', 1.1830241145159666)	('>5k', 0.24956336109739297)	('>10k+', 0.4537703111060591)
Tube2_Cort_22YMFCLT3_AGCTGGAATG-ACGGAATGCG_L001_R2	(1.0, 39.24325348361691)	(2.0, 20.768280346235375)	(3.0, 10.32184636820294)	(4.0, 5.424498469851504)	(5.0, 3.111961570486032)	(6.0, 2.1293300215211834)	(7.0, 1.5386019489589768)	(8.0, 1.1344997649538977)	(9.0, 0.9330807960831231)	('>10', 8.75037706961605)	('>50', 2.0345861756755865)	('>100', 2.9246517812951893)	('>500', 0.5974711423984146)	('>1k', 0.48864998657177927)	('>5k', 0.0)	('>10k+', 0.5989110745331765)
Tube2_Cort_22YMFCLT3_AGCTGGAATG-ACGGAATGCG_L002_R1	(1.0, 37.13845534217876)	(2.0, 17.963065598535167)	(3.0, 9.364730912937505)	(4.0, 5.089471066611363)	(5.0, 3.1965753419914638)	(6.0, 2.213611827009955)	(7.0, 1.7570597203485652)	(8.0, 1.3843144537107663)	(9.0, 1.1137752324043964)	('>10', 11.29240939753086)	('>50', 2.668903145726322)	('>100', 4.073227702294682)	('>500', 0.885150382154463)	('>1k', 1.176030290413621)	('>5k', 0.2458012346441681)	('>10k+', 0.4374183515078986)
Tube2_Cort_22YMFCLT3_AGCTGGAATG-ACGGAATGCG_L002_R2	(1.0, 43.56506930319271)	(2.0, 19.302629878757966)	(3.0, 9.477678081922809)	(4.0, 4.970303424391473)	(5.0, 2.848154208374114)	(6.0, 1.9819278554935567)	(7.0, 1.3969384779840905)	(8.0, 1.072902207170006)	(9.0, 0.8963893085053101)	('>10', 8.152304173590403)	('>50', 1.9507609331599278)	('>100', 2.732651243632897)	('>500', 0.590697211382696)	('>1k', 0.47854500920883597)	('>5k', 0.0)	('>10k+', 0.5830486832332716)
Tube2_Cort_22YMFCLT3_AGCTGGAATG-ACGGAATGCG_L003_R1	(1.0, 38.05962828265279)	(2.0, 17.64977841299973)	(3.0, 9.26289740224988)	(4.0, 5.114277811707667)	(5.0, 3.1632828740843792)	(6.0, 2.3013107172857574)	(7.0, 1.7151757404379706)	(8.0, 1.3562725766247314)	(9.0, 1.1684163521002873)	('>10', 10.913865917517338)	('>50', 2.573252165814669)	('>100', 4.002864922147502)	('>500', 0.8862430449887049)	('>1k', 1.1525098198165957)	('>5k', 0.24409272881010402)	('>10k+', 0.43613123076193006)
Tube2_Cort_22YMFCLT3_AGCTGGAATG-ACGGAATGCG_L003_R2	(1.0, 42.56642161851673)	(2.0, 19.582299172894096)	(3.0, 9.7314687973625)	(4.0, 5.106456897655659)	(5.0, 2.930424884257226)	(6.0, 1.9648666213251134)	(7.0, 1.4439445917983518)	(8.0, 1.0830246184915653)	(9.0, 0.8376457576200086)	('>10', 8.31206606811081)	('>50', 1.978462612634789)	('>100', 2.83774117114597)	('>500', 0.5505291586015948)	('>1k', 0.487194134287947)	('>5k', 0.0)	('>10k+', 0.5874538952975935)
Tube2_Cort_22YMFCLT3_AGCTGGAATG-ACGGAATGCG_L004_R1	(1.0, 38.67683668062357)	(2.0, 17.99700262057633)	(3.0, 8.939132368065158)	(4.0, 4.904375832903225)	(5.0, 3.0824886193905634)	(6.0, 2.2047162658359016)	(7.0, 1.7264272671432723)	(8.0, 1.2662572178343015)	(9.0, 1.1631558672660913)	('>10', 10.916283823562853)	('>50', 2.5570468299274696)	('>100', 3.9509337005248044)	('>500', 0.8587915955405973)	('>1k', 1.1527191392806249)	('>5k', 0.16663284765624453)	('>10k+', 0.43719932386899085)
Tube2_Cort_22YMFCLT3_AGCTGGAATG-ACGGAATGCG_L004_R2	(1.0, 42.848524401037594)	(2.0, 19.976495820073524)	(3.0, 9.65762904241745)	(4.0, 4.958568904579837)	(5.0, 2.858435895995736)	(6.0, 1.915390014268346)	(7.0, 1.380179267648402)	(8.0, 1.1023589575835075)	(9.0, 0.8133445405662378)	('>10', 8.250685244669674)	('>50', 1.8946078496127865)	('>100', 2.746007774649806)	('>500', 0.591294451907873)	('>1k', 0.412591349221785)	('>5k', 0.0)	('>10k+', 0.5938864857673255)
Tube2_Cort_22YMFCLT3_AGCTGGAATG-ACGGAATGCG_L005_R1	(1.0, 39.4353023696239)	(2.0, 18.282423072991165)	(3.0, 8.754566042132465)	(4.0, 4.768368060109405)	(5.0, 3.0032477523580243)	(6.0, 2.2080616457409312)	(7.0, 1.6723224762946212)	(8.0, 1.3733646496867196)	(9.0, 1.08828393460489)	('>10', 10.53800670333393)	('>50', 2.5174095048298644)	('>100', 3.876781577342927)	('>500', 0.7939969663563551)	('>1k', 1.0557444977102537)	('>5k', 0.20154304377028334)	('>10k+', 0.4305777031141703)
Tube2_Cort_22YMFCLT3_AGCTGGAATG-ACGGAATGCG_L005_R2	(1.0, 44.53723766715387)	(2.0, 19.906405591016576)	(3.0, 9.140489520680784)	(4.0, 4.638106868571021)	(5.0, 2.759951603807882)	(6.0, 1.80599632508674)	(7.0, 1.3194375525753765)	(8.0, 1.0586139209859549)	(9.0, 0.9055376556539155)	('>10', 7.950927832391298)	('>50', 1.9096067030194495)	('>100', 2.5671378252454216)	('>500', 0.5679487754699214)	('>1k', 0.3488821252476875)	('>5k', 0.0)	('>10k+', 0.5837200330941673)
Tube2_Cort_22YMFCLT3_AGCTGGAATG-ACGGAATGCG_L006_R1	(1.0, 43.11576575183567)	(2.0, 16.930684985364515)	(3.0, 8.288144738519755)	(4.0, 4.559834077491918)	(5.0, 2.770701547852984)	(6.0, 2.0784625914754074)	(7.0, 1.531709859629236)	(8.0, 1.2437395293005333)	(9.0, 1.0184667375352447)	('>10', 9.999094705488542)	('>50', 2.3781743790782435)	('>100', 3.6799269499251226)	('>500', 0.7880931279597949)	('>1k', 1.0374007306606854)	('>5k', 0.15721252036626482)	('>10k+', 0.42258776751596533)
Tube2_Cort_22YMFCLT3_AGCTGGAATG-ACGGAATGCG_L006_R2	(1.0, 46.9686948980429)	(2.0, 18.81955397773337)	(3.0, 8.929403562591034)	(4.0, 4.378994231934645)	(5.0, 2.5697254619973147)	(6.0, 1.7157327005203709)	(7.0, 1.273480098321245)	(8.0, 0.9776016007693202)	(9.0, 0.8021895408824427)	('>10', 7.775559204451876)	('>50', 1.7879906373230465)	('>100', 2.5116371154280897)	('>500', 0.5495688403748175)	('>1k', 0.35902380312074866)	('>5k', 0.0)	('>10k+', 0.580844326508887)
Tube2_Cort_22YMFCLT3_AGCTGGAATG-ACGGAATGCG_L007_R1	(1.0, 41.99923128835002)	(2.0, 17.1328353172297)	(3.0, 8.420982672094317)	(4.0, 4.675576878539876)	(5.0, 2.940442183148017)	(6.0, 2.106119479105747)	(7.0, 1.579120518590003)	(8.0, 1.2117784337786563)	(9.0, 1.0617469175144174)	('>10', 10.269783167987189)	('>50', 2.4864570305417626)	('>100', 3.7128926806554725)	('>500', 0.7857894242377996)	('>1k', 1.0420371991943185)	('>5k', 0.16297827876050672)	('>10k+', 0.4122285302722525)
Tube2_Cort_22YMFCLT3_AGCTGGAATG-ACGGAATGCG_L007_R2	(1.0, 46.603552730248275)	(2.0, 19.138075277082798)	(3.0, 8.860207325490652)	(4.0, 4.628864740625523)	(5.0, 2.5386010453862866)	(6.0, 1.7951091022319918)	(7.0, 1.3019053154138418)	(8.0, 1.0129555304147038)	(9.0, 0.810811870897242)	('>10', 7.596137752282436)	('>50', 1.8417466082026226)	('>100', 2.491149212089936)	('>500', 0.5028735429824231)	('>1k', 0.3244661703491993)	('>5k', 0.0)	('>10k+', 0.5535437763019655)
Tube2_Cort_22YMFCLT3_AGCTGGAATG-ACGGAATGCG_L008_R1	(1.0, 41.141151118071065)	(2.0, 17.2814613286844)	(3.0, 8.586766412608139)	(4.0, 4.809397736021787)	(5.0, 2.8952817973327676)	(6.0, 2.092889150470177)	(7.0, 1.6291696193359382)	(8.0, 1.2252981377471306)	(9.0, 1.0518708033147335)	('>10', 10.498922554068233)	('>50', 2.4747951956467724)	('>100', 3.8139740418672)	('>500', 0.8261684349001994)	('>1k', 1.0733601584003019)	('>5k', 0.16026079784865252)	('>10k+', 0.4392327136825244)
Tube2_Cort_22YMFCLT3_AGCTGGAATG-ACGGAATGCG_L008_R2	(1.0, 45.20880420828435)	(2.0, 19.050342266435603)	(3.0, 9.20961981474083)	(4.0, 4.812919899790778)	(5.0, 2.7674185721560156)	(6.0, 1.828421515886143)	(7.0, 1.3175548131643013)	(8.0, 1.0498923314167317)	(9.0, 0.8166305159289822)	('>10', 7.9463212565177646)	('>50', 1.8310575742631494)	('>100', 2.633087004444716)	('>500', 0.5409222443885965)	('>1k', 0.40117088457919775)	('>5k', 0.0)	('>10k+', 0.5858370980027297)
Tube3_Cort_22YMFCLT3_CCTTGGCATC-GACCGATTCG_L001_R1	(1.0, 35.65030917253465)	(2.0, 18.193133900439936)	(3.0, 8.98746295539136)	(4.0, 4.954394966746505)	(5.0, 3.111254613288456)	(6.0, 2.2536603987044472)	(7.0, 1.7358178576100929)	(8.0, 1.3669345247138387)	(9.0, 1.186295040765998)	('>10', 11.60360156409357)	('>50', 2.838651787203871)	('>100', 4.513043687378239)	('>500', 1.1055424537062837)	('>1k', 1.434187068583669)	('>5k', 0.37954842398282274)	('>10k+', 0.6861615848564245)
Tube3_Cort_22YMFCLT3_CCTTGGCATC-GACCGATTCG_L001_R2	(1.0, 40.88540991750541)	(2.0, 19.963747506838967)	(3.0, 9.491081297195942)	(4.0, 4.728695350629794)	(5.0, 2.8148538403998016)	(6.0, 1.8975177052500551)	(7.0, 1.439436531249984)	(8.0, 1.0958319268481298)	(9.0, 0.887808806236279)	('>10', 8.789821716686843)	('>50', 2.2539529942971903)	('>100', 3.4476650731887606)	('>500', 0.780726809024142)	('>1k', 0.7179113435829404)	('>5k', 0.046863021920724016)	('>10k+', 0.758676159144922)
Tube3_Cort_22YMFCLT3_CCTTGGCATC-GACCGATTCG_L002_R1	(1.0, 38.0952286084125)	(2.0, 17.22250567395921)	(3.0, 8.583487668162507)	(4.0, 4.860948665213441)	(5.0, 3.0776788093991807)	(6.0, 2.1895827248669377)	(7.0, 1.7440601758462164)	(8.0, 1.266872035776252)	(9.0, 1.1044346888241872)	('>10', 11.03865521756933)	('>50', 2.8689473519118054)	('>100', 4.431217097202391)	('>500', 1.1036465987683861)	('>1k', 1.3303550037472558)	('>5k', 0.4127627011664132)	('>10k+', 0.6696169791739999)
Tube3_Cort_22YMFCLT3_CCTTGGCATC-GACCGATTCG_L002_R2	(1.0, 44.81010996656897)	(2.0, 18.388696393998476)	(3.0, 8.7441119537126)	(4.0, 4.462230135418345)	(5.0, 2.625409998770297)	(6.0, 1.808551041407155)	(7.0, 1.320374949837074)	(8.0, 1.052151721000561)	(9.0, 0.8892799549267888)	('>10', 8.304722307634487)	('>50', 2.1450052754672213)	('>100', 3.2204425909637053)	('>500', 0.7415484392147994)	('>1k', 0.7031571713318212)	('>5k', 0.045153140958726475)	('>10k+', 0.7390549587889617)
Tube3_Cort_22YMFCLT3_CCTTGGCATC-GACCGATTCG_L003_R1	(1.0, 39.179365306745964)	(2.0, 17.109874901621474)	(3.0, 8.449555297114543)	(4.0, 4.732646784017044)	(5.0, 3.025901095436578)	(6.0, 2.133799242390717)	(7.0, 1.5940877329745116)	(8.0, 1.3820811008065979)	(9.0, 1.0589616117828187)	('>10', 10.91881509669602)	('>50', 2.6237609170452947)	('>100', 4.34458762049241)	('>500', 1.0463784400442144)	('>1k', 1.3155033819686004)	('>5k', 0.4115937529468785)	('>10k+', 0.6730877179162734)
Tube3_Cort_22YMFCLT3_CCTTGGCATC-GACCGATTCG_L003_R2	(1.0, 43.576916307910324)	(2.0, 19.042639654984846)	(3.0, 8.865547026339753)	(4.0, 4.717384902805201)	(5.0, 2.712705133395836)	(6.0, 1.8557954555245129)	(7.0, 1.3251956894301384)	(8.0, 1.052166361907617)	(9.0, 0.8099928845464887)	('>10', 8.499001885986045)	('>50', 2.1139931414155884)	('>100', 3.2171928380392476)	('>500', 0.7313528516624829)	('>1k', 0.6876152626794563)	('>5k', 0.045163164232108956)	('>10k+', 0.7473374391403209)
Tube3_Cort_22YMFCLT3_CCTTGGCATC-GACCGATTCG_L004_R1	(1.0, 39.83892220305453)	(2.0, 17.1334525830553)	(3.0, 8.252618744236132)	(4.0, 4.652603812070597)	(5.0, 2.957034300762061)	(6.0, 2.1483424599371546)	(7.0, 1.640700309457459)	(8.0, 1.2236674830168124)	(9.0, 1.1009117041435346)	('>10', 10.73019307447341)	('>50', 2.719245336320652)	('>100', 4.23019691698793)	('>500', 1.0418049434669776)	('>1k', 1.366152632198942)	('>5k', 0.2784662864062093)	('>10k+', 0.6856872104122792)
Tube3_Cort_22YMFCLT3_CCTTGGCATC-GACCGATTCG_L004_R2	(1.0, 43.96333033683047)	(2.0, 19.42255040207265)	(3.0, 8.894072508255299)	(4.0, 4.53474490758652)	(5.0, 2.620612679846382)	(6.0, 1.8048030423361265)	(7.0, 1.2495667717669836)	(8.0, 1.0600967813838962)	(9.0, 0.8482538830551525)	('>10', 8.053540942717355)	('>50', 2.174521784148755)	('>100', 3.180592905269333)	('>500', 0.7299186640076304)	('>1k', 0.6559805352798105)	('>5k', 0.04468854265778041)	('>10k+', 0.762725312785976)
Tube3_Cort_22YMFCLT3_CCTTGGCATC-GACCGATTCG_L005_R1	(1.0, 40.87529784294903)	(2.0, 17.286421894195815)	(3.0, 8.17117313302811)	(4.0, 4.424042868117788)	(5.0, 2.8786694911532344)	(6.0, 2.1153448034109354)	(7.0, 1.556904944313398)	(8.0, 1.2954860423875256)	(9.0, 1.0333812260986162)	('>10', 10.530960061887864)	('>50', 2.5399819217050323)	('>100', 4.059807066954576)	('>500', 1.024662724234593)	('>1k', 1.297805782805171)	('>5k', 0.31566350648045655)	('>10k+', 0.5943966902778143)
Tube3_Cort_22YMFCLT3_CCTTGGCATC-GACCGATTCG_L005_R2	(1.0, 45.81996835401507)	(2.0, 19.327054326867806)	(3.0, 8.363483582726513)	(4.0, 4.091384709957257)	(5.0, 2.4857727848229167)	(6.0, 1.7156076600280308)	(7.0, 1.2324299128764844)	(8.0, 0.979695715953897)	(9.0, 0.8071936283444541)	('>10', 8.180468624952479)	('>50', 1.987258113662161)	('>100', 2.9920258371335113)	('>500', 0.661085317125364)	('>1k', 0.6101423838541844)	('>5k', 0.0)	('>10k+', 0.7464290476799785)
Tube3_Cort_22YMFCLT3_CCTTGGCATC-GACCGATTCG_L006_R1	(1.0, 44.264194280633326)	(2.0, 16.27873642035092)	(3.0, 7.649432853575651)	(4.0, 4.267630860839965)	(5.0, 2.6689803304642377)	(6.0, 1.9020691197167527)	(7.0, 1.4334552742447917)	(8.0, 1.2128005403034232)	(9.0, 0.9610258461196376)	('>10', 9.798494401462504)	('>50', 2.471845163887772)	('>100', 3.9693565125619577)	('>500', 0.9837977427337217)	('>1k', 1.2584315038450478)	('>5k', 0.308732936075504)	('>10k+', 0.5710162131846701)
Tube3_Cort_22YMFCLT3_CCTTGGCATC-GACCGATTCG_L006_R2	(1.0, 48.333014513310516)	(2.0, 18.305701177837403)	(3.0, 7.897493528480645)	(4.0, 3.976690920832695)	(5.0, 2.305709881359123)	(6.0, 1.5560922180140628)	(7.0, 1.2082218969699687)	(8.0, 0.9982142636461825)	(9.0, 0.7940679510446013)	('>10', 7.713497673453364)	('>50', 1.9546793250443)	('>100', 2.9289521984094766)	('>500', 0.6513328206852934)	('>1k', 0.6385395137281958)	('>5k', 0.0)	('>10k+', 0.7377921171842101)
Tube3_Cort_22YMFCLT3_CCTTGGCATC-GACCGATTCG_L007_R1	(1.0, 43.369894447535025)	(2.0, 16.366396360281268)	(3.0, 7.905819379321545)	(4.0, 4.299917033139631)	(5.0, 2.7089595914860687)	(6.0, 1.953497720825538)	(7.0, 1.5252961151185325)	(8.0, 1.2624972542833357)	(9.0, 0.9650640175867913)	('>10', 10.017219550878805)	('>50', 2.555004648056369)	('>100', 4.035773712694833)	('>500', 0.918812610012002)	('>1k', 1.3451004782818898)	('>5k', 0.22266672854933314)	('>10k+', 0.5480803519489462)
Tube3_Cort_22YMFCLT3_CCTTGGCATC-GACCGATTCG_L007_R2	(1.0, 48.034283001437494)	(2.0, 18.236726753886547)	(3.0, 8.184800859716745)	(4.0, 4.118231316734045)	(5.0, 2.5114793620328335)	(6.0, 1.5447552174448185)	(7.0, 1.1703517275361053)	(8.0, 0.9532421082643288)	(9.0, 0.7842551472134593)	('>10', 7.655100185186034)	('>50', 2.0181568822158833)	('>100', 2.901415452242747)	('>500', 0.6509930446483124)	('>1k', 0.5501596949241396)	('>5k', 0.0)	('>10k+', 0.6860492465164613)
Tube3_Cort_22YMFCLT3_CCTTGGCATC-GACCGATTCG_L008_R1	(1.0, 42.43211927467532)	(2.0, 16.646250236167244)	(3.0, 7.848569107655908)	(4.0, 4.488011541588125)	(5.0, 2.7546461163241944)	(6.0, 1.934604253922875)	(7.0, 1.5662271080394043)	(8.0, 1.1914519882861623)	(9.0, 1.0469375754789159)	('>10', 10.231954664344183)	('>50', 2.5913743328428875)	('>100', 4.015319886613059)	('>500', 0.9946313934717756)	('>1k', 1.3251136133000507)	('>5k', 0.36054609808033694)	('>10k+', 0.5722428092092059)
Tube3_Cort_22YMFCLT3_CCTTGGCATC-GACCGATTCG_L008_R2	(1.0, 46.39511107310126)	(2.0, 18.478056554852092)	(3.0, 8.46853379359796)	(4.0, 4.327838941771031)	(5.0, 2.4329574427633687)	(6.0, 1.68535649305435)	(7.0, 1.3036842201375587)	(8.0, 0.9507243144895445)	(9.0, 0.7890367927187789)	('>10', 7.9423729940563)	('>50', 2.0485618007932866)	('>100', 3.070118440938316)	('>500', 0.6805665380579198)	('>1k', 0.6460663507437671)	('>5k', 0.044517899874132814)	('>10k+', 0.7364963490502339)
Tube4_Cort_22YMFCLT3_TATAGGTACT-TAGGTGAGAT_L001_R1	(1.0, 23.89774286736667)	(2.0, 16.190508348786086)	(3.0, 9.848735553713112)	(4.0, 5.877491810176007)	(5.0, 3.938380090112882)	(6.0, 2.8638565256576842)	(7.0, 2.1304674824010186)	(8.0, 1.7207182347659162)	(9.0, 1.4199007289739403)	('>10', 14.229322920388185)	('>50', 3.613653145070815)	('>100', 6.4329532509086)	('>500', 1.8183917612361797)	('>1k', 2.667186452898132)	('>5k', 0.5876408194284174)	('>10k+', 2.7630500081163176)
Tube4_Cort_22YMFCLT3_TATAGGTACT-TAGGTGAGAT_L001_R2	(1.0, 28.291691676499443)	(2.0, 18.568642844052125)	(3.0, 11.042747843689291)	(4.0, 6.335256595762735)	(5.0, 3.867525603586608)	(6.0, 2.671472933368334)	(7.0, 1.8112000050403678)	(8.0, 1.4121480059120612)	(9.0, 1.1152200119675446)	('>10', 10.78808556296309)	('>50', 3.0698972751410465)	('>100', 5.368487967592675)	('>500', 1.3577987781845529)	('>1k', 1.3890714763634004)	('>5k', 0.0)	('>10k+', 2.910753419876718)
Tube4_Cort_22YMFCLT3_TATAGGTACT-TAGGTGAGAT_L002_R1	(1.0, 27.416557259770823)	(2.0, 15.600448179115462)	(3.0, 9.215378353497249)	(4.0, 5.656434028970141)	(5.0, 3.755235897940635)	(6.0, 2.6705290820440997)	(7.0, 1.9938312691291995)	(8.0, 1.5436762893174452)	(9.0, 1.301582074953692)	('>10', 13.319736993339465)	('>50', 3.6269585172574232)	('>100', 6.214301230727141)	('>500', 1.823411379622442)	('>1k', 2.601090123112327)	('>5k', 0.5762251439441541)	('>10k+', 2.6846041772583127)
Tube4_Cort_22YMFCLT3_TATAGGTACT-TAGGTGAGAT_L002_R2	(1.0, 32.784625301902835)	(2.0, 17.418008164001563)	(3.0, 10.242778329814167)	(4.0, 5.894339252095102)	(5.0, 3.6127018873561045)	(6.0, 2.4320346316948367)	(7.0, 1.7364564514787448)	(8.0, 1.3114178287758163)	(9.0, 1.0756322575790402)	('>10', 10.159969756970916)	('>50', 2.805113484860599)	('>100', 5.042158212577101)	('>500', 1.3357188422523765)	('>1k', 1.3270606926509636)	('>5k', 0.0)	('>10k+', 2.8219849059899444)
Tube4_Cort_22YMFCLT3_TATAGGTACT-TAGGTGAGAT_L003_R1	(1.0, 28.138179398191177)	(2.0, 15.441547287859455)	(3.0, 9.219630120512166)	(4.0, 5.567133478444057)	(5.0, 3.6483694128697253)	(6.0, 2.5738707870965305)	(7.0, 1.9500694155190517)	(8.0, 1.5948944755945362)	(9.0, 1.3121090334144725)	('>10', 13.357394921578916)	('>50', 3.4905077638587128)	('>100', 6.121421449563927)	('>500', 1.756022703741715)	('>1k', 2.560223367934099)	('>5k', 0.5727768698231004)	('>10k+', 2.6958495139982452)
Tube4_Cort_22YMFCLT3_TATAGGTACT-TAGGTGAGAT_L003_R2	(1.0, 31.5154564991695)	(2.0, 17.771274462489757)	(3.0, 10.598506072666186)	(4.0, 6.084077813129044)	(5.0, 3.6212694351843475)	(6.0, 2.4443624642120443)	(7.0, 1.7453060979150676)	(8.0, 1.271825370614787)	(9.0, 1.057650520697607)	('>10', 10.383866153548677)	('>50', 2.842383164414453)	('>100', 5.206858929438111)	('>500', 1.2641370969933061)	('>1k', 1.3416076349608905)	('>5k', 0.0)	('>10k+', 2.8514182845661815)
Tube4_Cort_22YMFCLT3_TATAGGTACT-TAGGTGAGAT_L004_R1	(1.0, 28.677825895265496)	(2.0, 15.432576909176465)	(3.0, 9.37158275243121)	(4.0, 5.540470427357391)	(5.0, 3.559141975322767)	(6.0, 2.5496568275729565)	(7.0, 1.9517732984975495)	(8.0, 1.6320967703703761)	(9.0, 1.379782441887052)	('>10', 13.011166251279377)	('>50', 3.4419160625760363)	('>100', 5.979346888371589)	('>500', 1.7518051506931813)	('>1k', 2.420556933969018)	('>5k', 0.56567888704605)	('>10k+', 2.734622528183397)
Tube4_Cort_22YMFCLT3_TATAGGTACT-TAGGTGAGAT_L004_R2	(1.0, 31.8876874452039)	(2.0, 18.054632634818155)	(3.0, 10.465243655164594)	(4.0, 5.966863084247093)	(5.0, 3.5316669493821875)	(6.0, 2.4742263285613166)	(7.0, 1.7055831377195598)	(8.0, 1.2705615534473256)	(9.0, 1.059055375841482)	('>10', 10.24496751266118)	('>50', 2.820531874273142)	('>100', 5.1388957650872)	('>500', 1.2196476846177815)	('>1k', 1.2781794459917895)	('>5k', 0.0)	('>10k+', 2.8822575529832806)
Tube4_Cort_22YMFCLT3_TATAGGTACT-TAGGTGAGAT_L005_R1	(1.0, 29.420053910608562)	(2.0, 15.90716661807412)	(3.0, 8.919379626597571)	(4.0, 5.381676387404114)	(5.0, 3.3963902216655844)	(6.0, 2.4625082406143717)	(7.0, 1.9122230385709913)	(8.0, 1.5763818738868067)	(9.0, 1.3259688272216281)	('>10', 13.102768592676274)	('>50', 3.3944400596004223)	('>100', 6.036032480878405)	('>500', 1.6240407237572096)	('>1k', 2.295657333486684)	('>5k', 0.516520383859602)	('>10k+', 2.728791681097712)
Tube4_Cort_22YMFCLT3_TATAGGTACT-TAGGTGAGAT_L005_R2	(1.0, 33.52686016376239)	(2.0, 18.29136344111965)	(3.0, 10.103983675772199)	(4.0, 5.605040466929678)	(5.0, 3.313956637113094)	(6.0, 2.26977335385947)	(7.0, 1.7039707697572566)	(8.0, 1.2755119073002916)	(9.0, 1.0359989913180605)	('>10', 10.149200067751908)	('>50', 2.7442014848997545)	('>100', 4.821734606781644)	('>500', 1.1399849414358523)	('>1k', 1.1763348611842745)	('>5k', 0.0)	('>10k+', 2.8420846310144254)
Tube4_Cort_22YMFCLT3_TATAGGTACT-TAGGTGAGAT_L006_R1	(1.0, 32.8651739527388)	(2.0, 15.112558102375804)	(3.0, 8.607760490889465)	(4.0, 5.031819679488125)	(5.0, 3.265939829993754)	(6.0, 2.3302536519893957)	(7.0, 1.7985350293295062)	(8.0, 1.4365497189743583)	(9.0, 1.2358206592419032)	('>10', 12.354880473632074)	('>50', 3.2120599810780135)	('>100', 5.748490906003046)	('>500', 1.585878188884237)	('>1k', 2.2606347435361314)	('>5k', 0.5032521048233174)	('>10k+', 2.6503924870220392)
Tube4_Cort_22YMFCLT3_TATAGGTACT-TAGGTGAGAT_L006_R2	(1.0, 36.07659595489518)	(2.0, 17.481517586166046)	(3.0, 9.757322533019021)	(4.0, 5.3864662017713)	(5.0, 3.2493402100773525)	(6.0, 2.1959195300366567)	(7.0, 1.5397396632869673)	(8.0, 1.1902027736908176)	(9.0, 0.9405775164999117)	('>10', 9.511290192615647)	('>50', 2.7450749548803812)	('>100', 4.775135238042147)	('>500', 1.18269955838954)	('>1k', 1.1427990932863754)	('>5k', 0.0)	('>10k+', 2.8253189933427403)
Tube4_Cort_22YMFCLT3_TATAGGTACT-TAGGTGAGAT_L007_R1	(1.0, 32.35802359879757)	(2.0, 15.061222987295666)	(3.0, 8.730541163796364)	(4.0, 5.237878058709214)	(5.0, 3.3389753551260415)	(6.0, 2.437493966870721)	(7.0, 1.8524166035950262)	(8.0, 1.472928380328359)	(9.0, 1.219511814266778)	('>10', 12.2956900023728)	('>50', 3.259777405843441)	('>100', 5.733235043395438)	('>500', 1.7146490554898273)	('>1k', 2.2496993060708474)	('>5k', 0.48074705002556456)	('>10k+', 2.5572102080163575)
Tube4_Cort_22YMFCLT3_TATAGGTACT-TAGGTGAGAT_L007_R2	(1.0, 36.263356653379866)	(2.0, 17.550260317869764)	(3.0, 9.64146782212366)	(4.0, 5.519674738065911)	(5.0, 3.347455499908736)	(6.0, 2.1859203863390118)	(7.0, 1.5254947142328688)	(8.0, 1.2604173066125812)	(9.0, 0.903174481768858)	('>10', 9.587300288890678)	('>50', 2.675272744124192)	('>100', 4.754691777377069)	('>500', 1.1047695748192272)	('>1k', 1.0475599953101493)	('>5k', 0.0)	('>10k+', 2.633183699177735)
Tube4_Cort_22YMFCLT3_TATAGGTACT-TAGGTGAGAT_L008_R1	(1.0, 31.259006099175814)	(2.0, 15.153545818843842)	(3.0, 8.755450746159674)	(4.0, 5.256067302960147)	(5.0, 3.4621334390248495)	(6.0, 2.4467131194704237)	(7.0, 1.906212942552667)	(8.0, 1.4996926229273693)	(9.0, 1.1710018855301667)	('>10', 12.800672733173219)	('>50', 3.30812156377898)	('>100', 5.750490240168944)	('>500', 1.7171608877894047)	('>1k', 2.294130098516474)	('>5k', 0.5541022638535911)	('>10k+', 2.6654982360747534)
Tube4_Cort_22YMFCLT3_TATAGGTACT-TAGGTGAGAT_L008_R2	(1.0, 34.591616611018694)	(2.0, 17.374478607130413)	(3.0, 10.107541672038465)	(4.0, 5.638889572005155)	(5.0, 3.5390225241963162)	(6.0, 2.2926990866130046)	(7.0, 1.6583745867757869)	(8.0, 1.269851090952302)	(9.0, 1.0116295246784524)	('>10', 9.684808179152704)	('>50', 2.686938414220262)	('>100', 4.880668590392939)	('>500', 1.2328039000149236)	('>1k', 1.1999094384740665)	('>5k', 0.0)	('>10k+', 2.8307682023365857)
