Sample	fastqc-percent_duplicates	fastqc-percent_gc	fastqc-avg_sequence_length	fastqc-median_sequence_length	fastqc-percent_fails	fastqc-total_sequences
260_Cort_22YMFCLT3_AGAATTCGCC-CGGCAAGCTC_L001_R1	45.668877856369214	48.0	150.0	150	27.27272727272727	14.576881
260_Cort_22YMFCLT3_AGAATTCGCC-CGGCAAGCTC_L001_R2	40.22402925654834	48.0	150.0	150	27.27272727272727	14.576881
260_Cort_22YMFCLT3_AGAATTCGCC-CGGCAAGCTC_L002_R1	43.752869949536844	48.0	150.0	150	27.27272727272727	14.807127
260_Cort_22YMFCLT3_AGAATTCGCC-CGGCAAGCTC_L002_R2	37.68415915505777	48.0	150.0	150	36.36363636363637	14.807127
260_Cort_22YMFCLT3_AGAATTCGCC-CGGCAAGCTC_L003_R1	42.685005009818646	48.0	150.0	150	27.27272727272727	14.669426999999999
260_Cort_22YMFCLT3_AGAATTCGCC-CGGCAAGCTC_L003_R2	38.3078406041762	48.0	150.0	150	36.36363636363637	14.669426999999999
260_Cort_22YMFCLT3_AGAATTCGCC-CGGCAAGCTC_L004_R1	42.34675758673481	48.0	150.0	150	36.36363636363637	13.955907
260_Cort_22YMFCLT3_AGAATTCGCC-CGGCAAGCTC_L004_R2	37.84851636472948	48.0	150.0	150	27.27272727272727	13.955907
260_Cort_22YMFCLT3_AGAATTCGCC-CGGCAAGCTC_L005_R1	41.498972904345976	48.0	150.0	150	36.36363636363637	13.266347
260_Cort_22YMFCLT3_AGAATTCGCC-CGGCAAGCTC_L005_R2	36.59775650373801	48.0	150.0	150	36.36363636363637	13.266347
260_Cort_22YMFCLT3_AGAATTCGCC-CGGCAAGCTC_L006_R1	38.841726300711144	48.0	150.0	150	36.36363636363637	13.265481
260_Cort_22YMFCLT3_AGAATTCGCC-CGGCAAGCTC_L006_R2	34.94207367500388	48.0	150.0	150	36.36363636363637	13.265481
260_Cort_22YMFCLT3_AGAATTCGCC-CGGCAAGCTC_L007_R1	39.920781651975055	48.0	150.0	150	27.27272727272727	12.651041
260_Cort_22YMFCLT3_AGAATTCGCC-CGGCAAGCTC_L007_R2	35.36546529276592	48.0	150.0	150	36.36363636363637	12.651041
260_Cort_22YMFCLT3_AGAATTCGCC-CGGCAAGCTC_L008_R1	40.282638058021305	48.0	150.0	150	36.36363636363637	13.626161
260_Cort_22YMFCLT3_AGAATTCGCC-CGGCAAGCTC_L008_R2	36.26222552217781	48.0	150.0	150	27.27272727272727	13.626161
985_Cort_22YMFCLT3_TATCACTCTG-AACGTTACAT_L001_R1	44.421202440497495	47.0	150.0	150	27.27272727272727	15.765875
985_Cort_22YMFCLT3_TATCACTCTG-AACGTTACAT_L001_R2	38.092536443585544	47.0	150.0	150	27.27272727272727	15.765875
985_Cort_22YMFCLT3_TATCACTCTG-AACGTTACAT_L002_R1	42.25432385564444	47.0	150.0	150	27.27272727272727	15.588545
985_Cort_22YMFCLT3_TATCACTCTG-AACGTTACAT_L002_R2	35.32390824668724	47.0	150.0	150	36.36363636363637	15.588545
985_Cort_22YMFCLT3_TATCACTCTG-AACGTTACAT_L003_R1	41.474347283757695	47.0	150.0	150	27.27272727272727	15.475527
985_Cort_22YMFCLT3_TATCACTCTG-AACGTTACAT_L003_R2	35.82530413045171	47.0	150.0	150	36.36363636363637	15.475527
985_Cort_22YMFCLT3_TATCACTCTG-AACGTTACAT_L004_R1	40.81551813888423	47.0	150.0	150	36.36363636363637	14.843103999999999
985_Cort_22YMFCLT3_TATCACTCTG-AACGTTACAT_L004_R2	35.507391700722565	47.0	150.0	150	27.27272727272727	14.843103999999999
985_Cort_22YMFCLT3_TATCACTCTG-AACGTTACAT_L005_R1	39.92476470613926	47.0	150.0	150	36.36363636363637	14.063353999999999
985_Cort_22YMFCLT3_TATCACTCTG-AACGTTACAT_L005_R2	34.144477091467806	47.0	150.0	150	36.36363636363637	14.063353999999999
985_Cort_22YMFCLT3_TATCACTCTG-AACGTTACAT_L006_R1	37.887195401020165	47.0	150.0	150	36.36363636363637	14.147359
985_Cort_22YMFCLT3_TATCACTCTG-AACGTTACAT_L006_R2	32.89122156555966	47.0	150.0	150	36.36363636363637	14.147359
985_Cort_22YMFCLT3_TATCACTCTG-AACGTTACAT_L007_R1	38.550083737280836	47.0	150.0	150	27.27272727272727	13.601835999999999
985_Cort_22YMFCLT3_TATCACTCTG-AACGTTACAT_L007_R2	32.98294427615673	47.0	150.0	150	36.36363636363637	13.601835999999999
985_Cort_22YMFCLT3_TATCACTCTG-AACGTTACAT_L008_R1	39.506913476548945	47.0	150.0	150	36.36363636363637	14.831807999999999
985_Cort_22YMFCLT3_TATCACTCTG-AACGTTACAT_L008_R2	34.224165936799494	47.0	150.0	150	27.27272727272727	14.831807999999999
Tube1_Cort_22YMFCLT3_CCTGACCACT-TCTTGGCTAT_L001_R1	60.040086927795016	50.0	150.0	150	27.27272727272727	15.489719
Tube1_Cort_22YMFCLT3_CCTGACCACT-TCTTGGCTAT_L001_R2	54.01878921591842	50.0	150.0	150	27.27272727272727	15.489719
Tube1_Cort_22YMFCLT3_CCTGACCACT-TCTTGGCTAT_L002_R1	57.32871344550322	50.0	150.0	150	27.27272727272727	15.369663
Tube1_Cort_22YMFCLT3_CCTGACCACT-TCTTGGCTAT_L002_R2	50.3495793882357	50.0	150.0	150	36.36363636363637	15.369663
Tube1_Cort_22YMFCLT3_CCTGACCACT-TCTTGGCTAT_L003_R1	56.86170631737287	50.0	150.0	150	27.27272727272727	15.299000999999999
Tube1_Cort_22YMFCLT3_CCTGACCACT-TCTTGGCTAT_L003_R2	51.537216898237176	50.0	150.0	150	36.36363636363637	15.299000999999999
Tube1_Cort_22YMFCLT3_CCTGACCACT-TCTTGGCTAT_L004_R1	56.26795281051869	50.0	150.0	150	36.36363636363637	14.685906
Tube1_Cort_22YMFCLT3_CCTGACCACT-TCTTGGCTAT_L004_R2	51.12288907157291	50.0	150.0	150	27.27272727272727	14.685906
Tube1_Cort_22YMFCLT3_CCTGACCACT-TCTTGGCTAT_L005_R1	55.51187811305268	50.0	150.0	150	36.36363636363637	13.886662999999999
Tube1_Cort_22YMFCLT3_CCTGACCACT-TCTTGGCTAT_L005_R2	49.79819545959433	50.0	150.0	150	27.27272727272727	13.886662999999999
Tube1_Cort_22YMFCLT3_CCTGACCACT-TCTTGGCTAT_L006_R1	52.58236767032412	50.0	150.0	150	36.36363636363637	13.966842
Tube1_Cort_22YMFCLT3_CCTGACCACT-TCTTGGCTAT_L006_R2	47.87047962385446	50.0	150.0	150	27.27272727272727	13.966842
Tube1_Cort_22YMFCLT3_CCTGACCACT-TCTTGGCTAT_L007_R1	53.446588382832246	50.0	150.0	150	27.27272727272727	13.339881
Tube1_Cort_22YMFCLT3_CCTGACCACT-TCTTGGCTAT_L007_R2	47.764776949537946	50.0	150.0	150	27.27272727272727	13.339881
Tube1_Cort_22YMFCLT3_CCTGACCACT-TCTTGGCTAT_L008_R1	54.02590620384494	50.0	150.0	150	36.36363636363637	14.609686
Tube1_Cort_22YMFCLT3_CCTGACCACT-TCTTGGCTAT_L008_R2	49.18103870536803	50.0	150.0	150	18.181818181818183	14.609686
Tube2_Cort_22YMFCLT3_AGCTGGAATG-ACGGAATGCG_L001_R1	49.588297580706644	48.0	150.0	150	18.181818181818183	13.917076999999999
Tube2_Cort_22YMFCLT3_AGCTGGAATG-ACGGAATGCG_L001_R2	43.5826952346865	48.0	150.0	150	18.181818181818183	13.917076999999999
Tube2_Cort_22YMFCLT3_AGCTGGAATG-ACGGAATGCG_L002_R1	47.23353976189472	48.0	150.0	150	18.181818181818183	14.007311999999999
Tube2_Cort_22YMFCLT3_AGCTGGAATG-ACGGAATGCG_L002_R2	40.540647391040906	48.0	150.0	150	27.27272727272727	14.007311999999999
Tube2_Cort_22YMFCLT3_AGCTGGAATG-ACGGAATGCG_L003_R1	46.50924657183065	48.0	150.0	150	18.181818181818183	13.905712999999999
Tube2_Cort_22YMFCLT3_AGCTGGAATG-ACGGAATGCG_L003_R2	41.259691395915354	48.0	150.0	150	27.27272727272727	13.905712999999999
Tube2_Cort_22YMFCLT3_AGCTGGAATG-ACGGAATGCG_L004_R1	45.9259426583007	48.0	150.0	150	27.27272727272727	13.286176
Tube2_Cort_22YMFCLT3_AGCTGGAATG-ACGGAATGCG_L004_R2	40.873783564376374	48.0	150.0	150	18.181818181818183	13.286176
Tube2_Cort_22YMFCLT3_AGCTGGAATG-ACGGAATGCG_L005_R1	45.15652864903428	48.0	150.0	150	27.27272727272727	12.694344
Tube2_Cort_22YMFCLT3_AGCTGGAATG-ACGGAATGCG_L005_R2	39.5369777900508	48.0	150.0	150	27.27272727272727	12.694344
Tube2_Cort_22YMFCLT3_AGCTGGAATG-ACGGAATGCG_L006_R1	42.50552431124196	48.0	150.0	150	27.27272727272727	12.72734
Tube2_Cort_22YMFCLT3_AGCTGGAATG-ACGGAATGCG_L006_R2	37.87099859957665	48.0	150.0	150	27.27272727272727	12.72734
Tube2_Cort_22YMFCLT3_AGCTGGAATG-ACGGAATGCG_L007_R1	43.38822975927017	48.0	150.0	150	18.181818181818183	12.130519999999999
Tube2_Cort_22YMFCLT3_AGCTGGAATG-ACGGAATGCG_L007_R2	38.03141927869357	48.0	150.0	150	27.27272727272727	12.130519999999999
Tube2_Cort_22YMFCLT3_AGCTGGAATG-ACGGAATGCG_L008_R1	44.06842768957833	48.0	150.0	150	27.27272727272727	13.109919999999999
Tube2_Cort_22YMFCLT3_AGCTGGAATG-ACGGAATGCG_L008_R2	39.2332529701955	48.0	150.0	150	18.181818181818183	13.109919999999999
Tube3_Cort_22YMFCLT3_CCTTGGCATC-GACCGATTCG_L001_R1	48.74965086896265	49.0	150.0	150	18.181818181818183	12.49359
Tube3_Cort_22YMFCLT3_CCTTGGCATC-GACCGATTCG_L001_R2	42.91595718463409	49.0	150.0	150	18.181818181818183	12.49359
Tube3_Cort_22YMFCLT3_CCTTGGCATC-GACCGATTCG_L002_R1	47.02062912513833	49.0	150.0	150	18.181818181818183	12.502407999999999
Tube3_Cort_22YMFCLT3_CCTTGGCATC-GACCGATTCG_L002_R2	40.20042419979723	49.0	150.0	150	27.27272727272727	12.502407999999999
Tube3_Cort_22YMFCLT3_CCTTGGCATC-GACCGATTCG_L003_R1	46.113119335232255	49.0	150.0	150	18.181818181818183	12.421908
Tube3_Cort_22YMFCLT3_CCTTGGCATC-GACCGATTCG_L003_R2	40.979999636202756	49.0	150.0	150	27.27272727272727	12.421908
Tube3_Cort_22YMFCLT3_CCTTGGCATC-GACCGATTCG_L004_R1	45.55250301186335	49.0	150.0	150	27.27272727272727	11.910318
Tube3_Cort_22YMFCLT3_CCTTGGCATC-GACCGATTCG_L004_R2	40.4936659683324	49.0	150.0	150	18.181818181818183	11.910318
Tube3_Cort_22YMFCLT3_CCTTGGCATC-GACCGATTCG_L005_R1	44.56945804388024	49.0	150.0	150	27.27272727272727	11.255585
Tube3_Cort_22YMFCLT3_CCTTGGCATC-GACCGATTCG_L005_R2	39.02892813862415	49.0	150.0	150	27.27272727272727	11.255585
Tube3_Cort_22YMFCLT3_CCTTGGCATC-GACCGATTCG_L006_R1	42.05730511019341	49.0	150.0	150	27.27272727272727	11.310248
Tube3_Cort_22YMFCLT3_CCTTGGCATC-GACCGATTCG_L006_R2	37.30333983252634	49.0	150.0	150	27.27272727272727	11.310248
Tube3_Cort_22YMFCLT3_CCTTGGCATC-GACCGATTCG_L007_R1	42.763043911890506	48.0	150.0	150	18.181818181818183	10.748475
Tube3_Cort_22YMFCLT3_CCTTGGCATC-GACCGATTCG_L007_R2	37.47873195352519	49.0	150.0	150	27.27272727272727	10.748475
Tube3_Cort_22YMFCLT3_CCTTGGCATC-GACCGATTCG_L008_R1	43.50518083698597	49.0	150.0	150	27.27272727272727	11.758061999999999
Tube3_Cort_22YMFCLT3_CCTTGGCATC-GACCGATTCG_L008_R2	38.809031832221166	49.0	150.0	150	18.181818181818183	11.758061999999999
Tube4_Cort_22YMFCLT3_TATAGGTACT-TAGGTGAGAT_L001_R1	60.4186413522876	50.0	150.0	150	36.36363636363637	13.549738999999999
Tube4_Cort_22YMFCLT3_TATAGGTACT-TAGGTGAGAT_L001_R2	54.69809241996354	50.0	150.0	150	45.45454545454545	13.549738999999999
Tube4_Cort_22YMFCLT3_TATAGGTACT-TAGGTGAGAT_L002_R1	57.63854658051182	50.0	150.0	150	36.36363636363637	13.545290999999999
Tube4_Cort_22YMFCLT3_TATAGGTACT-TAGGTGAGAT_L002_R2	51.31718454057857	50.0	150.0	150	54.54545454545454	13.545290999999999
Tube4_Cort_22YMFCLT3_TATAGGTACT-TAGGTGAGAT_L003_R1	57.05735091437561	50.0	150.0	150	36.36363636363637	13.430372
Tube4_Cort_22YMFCLT3_TATAGGTACT-TAGGTGAGAT_L003_R2	52.230291778611075	50.0	150.0	150	54.54545454545454	13.430372
Tube4_Cort_22YMFCLT3_TATAGGTACT-TAGGTGAGAT_L004_R1	56.509612484950075	50.0	150.0	150	45.45454545454545	12.933948
Tube4_Cort_22YMFCLT3_TATAGGTACT-TAGGTGAGAT_L004_R2	51.81835362722511	50.0	150.0	150	45.45454545454545	12.933948
Tube4_Cort_22YMFCLT3_TATAGGTACT-TAGGTGAGAT_L005_R1	55.77741527784054	50.0	150.0	150	45.45454545454545	12.320348
Tube4_Cort_22YMFCLT3_TATAGGTACT-TAGGTGAGAT_L005_R2	50.35958970664577	50.0	150.0	150	54.54545454545454	12.320348
Tube4_Cort_22YMFCLT3_TATAGGTACT-TAGGTGAGAT_L006_R1	53.0620015054767	50.0	150.0	150	45.45454545454545	12.362587999999999
Tube4_Cort_22YMFCLT3_TATAGGTACT-TAGGTGAGAT_L006_R2	48.49309746336606	50.0	150.0	150	45.45454545454545	12.362587999999999
Tube4_Cort_22YMFCLT3_TATAGGTACT-TAGGTGAGAT_L007_R1	53.46530630943149	50.0	150.0	150	36.36363636363637	11.667895999999999
Tube4_Cort_22YMFCLT3_TATAGGTACT-TAGGTGAGAT_L007_R2	48.25499369169436	50.0	150.0	150	45.45454545454545	11.667895999999999
Tube4_Cort_22YMFCLT3_TATAGGTACT-TAGGTGAGAT_L008_R1	54.43924012357505	50.0	150.0	150	45.45454545454545	12.799477999999999
Tube4_Cort_22YMFCLT3_TATAGGTACT-TAGGTGAGAT_L008_R2	49.7331981715073	50.0	150.0	150	36.36363636363637	12.799477999999999
